avg_symbol_2len_start_char: 0.000000,0.000000,0.000000,0.000000,0.000000,0.000000,0.000000,0.000000,0.000000,0.000000,16.512712,0.000000,0.000000,0.000000,0.000000,0.000000,0.000000,0.000000,0.000000,0.000000,0.000000,0.000000,0.000000,0.000000,0.000000,0.000000,0.000000,0.000000,0.000000,0.000000,0.000000,0.000000,15.360169,0.258475,0.000000,0.000000,0.000000,0.000000,0.000000,0.000000,0.000000,0.000000,0.000000,0.000000,1.000000,0.237288,1.766949,0.000000,0.000000,0.000000,0.000000,0.000000,0.000000,0.000000,0.000000,0.000000,0.000000,0.000000,0.211864,0.250000,0.000000,0.000000,0.000000,0.271186,0.000000,0.000000,0.000000,0.000000,0.000000,0.000000,0.000000,0.000000,0.000000,0.000000,0.000000,0.000000,0.000000,0.000000,0.000000,0.000000,0.000000,0.000000,0.000000,0.000000,0.000000,0.000000,0.000000,0.000000,0.000000,0.000000,0.000000,0.000000,0.000000,0.000000,0.000000,0.000000,0.000000,12.152542,3.271186,8.771187,4.351695,13.902542,6.550848,6.902543,3.262712,9.080508,0.974576,3.029661,10.245763,1.661017,9.423729,10.677966,8.889831,1.161017,8.186440,9.177966,7.961864,9.029661,1.000000,1.025424,2.707627,4.110169,0.033898,0.000000,0.000000,0.000000,0.000000,0.000000,0.000000,0.000000,0.000000,0.000000,0.000000,0.000000,0.000000,0.000000,0.000000,0.000000,0.000000,0.000000,0.000000,0.000000,0.000000,0.000000,0.000000,0.000000,0.000000,0.000000,0.000000,0.000000,0.000000,0.000000,0.000000,0.000000,0.000000,0.000000,0.000000,0.000000,0.000000,0.000000,0.000000,0.000000,0.000000,0.000000,0.000000,0.000000,0.000000,0.000000,0.000000,0.000000,0.000000,0.000000,0.000000,0.000000,0.000000,0.000000,0.000000,0.000000,0.000000,0.000000,0.000000,0.000000,0.000000,0.000000,0.000000,0.000000,0.000000,0.000000,0.000000,0.000000,0.000000,0.000000,0.000000,0.000000,0.000000,0.000000,0.000000,0.000000,0.000000,0.000000,0.000000,0.000000,0.000000,0.000000,0.000000,0.000000,0.000000,0.000000,0.000000,0.000000,0.000000,0.000000,0.000000,0.000000,0.000000,0.000000,0.000000,0.000000,0.000000,0.000000,0.000000,0.000000,0.000000,0.000000,0.000000,0.000000,0.000000,0.000000,0.000000,0.000000,0.000000,0.000000,0.000000,0.000000,0.000000,0.000000,0.000000,0.000000,0.000000,0.000000,0.000000,0.000000,0.000000,0.000000,0.000000,0.000000,0.000000,0.000000,0.000000,0.000000,0.000000,0.000000,0.000000,0.000000,0.000000,
avg_symbol_len: 35.317795,193.411011,5.050848,5.072034,3.673729,5.241526,1.474576,3.758475,
avg_symbol_cnt: 253.000000
avg_hashtable_usage: 24.271187
avg_shortcodes_usage: 228.728821
max_2len_start_chars: 33
avg_2len_start_chars: 30.127119
max_2len_combinations: 20
avg_2len_combinations: 6.427217
0.423
Cycles (1) completed. Stats:
	Parameters:
		Block size: 4194304
		Input size: 989855744
		Effective table size: 4194304
		File name: ../../thesis-testing/lineitem-1gb/lineitem-comments-1gb-1.txt
	Compression:
		Duration (us): 2682449
		Throughput (GB/s): 0.369
		Compressed size: 429990564
	Decompression:
		Duration (us): 1493696
		Throughput (GB/s): 0.663
		Ratio: 2.3020
	Compression phases:
		Table generation (GB/s, us): 2.891 (342339)
		Precomputation (GB/s, us): inf (0)
		Encoding (GB/s, us): 0.423 (2339718)
		Postprocessing (GB/s, us): inf (0)
avg_symbol_2len_start_char: 0.000000,0.000000,0.000000,0.000000,0.000000,0.000000,0.000000,0.000000,0.000000,0.000000,2.057522,0.000000,0.000000,0.000000,0.000000,0.000000,0.000000,0.000000,0.000000,0.000000,0.000000,0.000000,0.000000,0.000000,0.000000,0.000000,0.000000,0.000000,0.000000,0.000000,0.000000,0.000000,0.000000,0.000000,0.000000,0.707965,0.000000,0.000000,0.000000,0.000000,0.000000,0.000000,0.000000,0.000000,0.000000,0.000000,0.000000,0.000000,10.570796,10.221239,10.154867,10.181416,10.185841,10.212389,10.172566,10.243362,10.230088,10.221239,0.000000,0.000000,0.000000,0.000000,0.000000,0.000000,0.000000,0.000000,0.000000,0.800885,0.000000,0.000000,0.000000,0.000000,0.000000,0.000000,0.000000,0.000000,0.000000,0.000000,0.000000,0.000000,0.000000,0.000000,0.000000,0.000000,0.000000,0.000000,0.000000,0.000000,0.000000,0.000000,0.000000,0.000000,0.000000,0.000000,0.000000,0.000000,0.000000,0.000000,0.000000,0.000000,0.000000,0.407080,0.000000,0.000000,0.000000,0.000000,0.000000,0.000000,0.000000,1.823009,0.000000,0.818584,0.000000,0.000000,1.898230,0.486726,1.323009,2.305310,0.000000,0.000000,0.000000,0.000000,0.000000,0.000000,0.000000,0.000000,0.000000,0.000000,0.000000,0.000000,0.000000,0.000000,0.000000,0.000000,0.000000,0.000000,0.000000,0.000000,0.000000,0.000000,0.000000,0.000000,0.000000,0.000000,0.000000,0.000000,0.000000,0.000000,0.000000,0.000000,0.000000,0.000000,0.000000,0.000000,0.000000,0.000000,0.000000,0.000000,0.000000,0.000000,0.000000,0.000000,0.000000,0.000000,0.000000,0.000000,0.000000,0.000000,0.000000,0.000000,0.000000,0.000000,0.000000,0.000000,0.000000,0.000000,0.000000,0.000000,0.000000,0.000000,0.000000,0.000000,0.000000,0.000000,0.000000,0.000000,0.000000,0.000000,0.000000,0.000000,0.000000,0.000000,0.000000,0.000000,0.000000,0.000000,0.000000,0.000000,0.000000,0.000000,0.000000,0.000000,0.000000,0.000000,0.000000,0.000000,0.000000,0.000000,0.000000,0.000000,0.000000,0.000000,0.000000,0.000000,0.000000,0.000000,0.000000,0.000000,0.000000,0.000000,0.000000,0.000000,0.000000,0.000000,0.000000,0.000000,0.000000,0.000000,0.000000,0.000000,0.000000,0.000000,0.000000,0.000000,0.000000,0.000000,0.000000,0.000000,0.000000,0.000000,0.000000,0.000000,0.000000,0.000000,0.000000,0.000000,0.000000,0.000000,0.000000,0.000000,0.000000,0.000000,0.000000,0.000000,0.000000,
avg_symbol_len: 20.548672,115.022125,3.610620,3.721239,1.340708,0.827434,0.039823,11.699115,
avg_symbol_cnt: 156.809738
avg_hashtable_usage: 21.238937
avg_shortcodes_usage: 135.570801
max_2len_start_chars: 20
avg_2len_start_chars: 17.884956
max_2len_combinations: 13
avg_2len_combinations: 6.458418
0.740
Cycles (1) completed. Stats:
	Parameters:
		Block size: 4194304
		Input size: 947912704
		Effective table size: 4194304
		File name: ../../thesis-testing/customer-1gb/customer-id-1gb-1.txt
	Compression:
		Duration (us): 1488652
		Throughput (GB/s): 0.637
		Compressed size: 250095403
	Decompression:
		Duration (us): 726334
		Throughput (GB/s): 1.305
		Ratio: 3.7902
	Compression phases:
		Table generation (GB/s, us): 4.584 (206809)
		Precomputation (GB/s, us): inf (0)
		Encoding (GB/s, us): 0.740 (1281513)
		Postprocessing (GB/s, us): inf (0)

avg_symbol_2len_start_char: 0.000000,0.000000,0.000000,0.000000,0.000000,0.000000,0.000000,0.000000,0.000000,0.000000,9.402344,0.000000,0.000000,0.000000,0.000000,0.000000,0.000000,0.000000,0.000000,0.000000,0.000000,0.000000,0.000000,0.000000,0.000000,0.000000,0.000000,0.000000,0.000000,0.000000,0.000000,0.000000,12.511719,0.000000,0.000000,0.000000,0.000000,0.000000,0.000000,0.371094,0.339844,0.519531,0.230469,0.000000,1.000000,0.351562,0.000000,0.000000,0.000000,0.000000,0.000000,0.000000,0.000000,0.000000,0.000000,0.000000,0.000000,0.000000,0.000000,0.000000,0.000000,0.000000,0.000000,0.000000,0.000000,1.609375,1.890625,2.484375,1.132812,0.609375,0.722656,1.050781,0.003906,1.515625,0.933594,2.035156,1.968750,1.886719,1.781250,0.339844,1.347656,0.472656,0.714844,2.750000,2.250000,0.437500,0.101562,0.855469,0.000000,0.453125,0.519531,0.000000,0.000000,0.000000,0.000000,0.000000,0.000000,10.136719,1.906250,3.101562,6.378906,9.988281,0.441406,3.277344,4.183594,8.257812,0.949219,3.644531,6.812500,2.875000,7.324219,7.714844,1.960938,0.703125,5.554688,6.464844,6.703125,5.917969,1.097656,2.199219,0.144531,4.652344,0.886719,0.000000,0.000000,0.000000,0.000000,0.000000,0.000000,0.000000,0.000000,0.000000,0.000000,0.000000,0.000000,0.000000,0.000000,0.000000,0.000000,0.000000,0.000000,0.000000,0.000000,0.000000,0.000000,0.000000,0.000000,0.000000,0.000000,0.000000,0.000000,0.000000,0.000000,0.000000,0.000000,0.000000,0.000000,0.000000,0.000000,0.000000,0.000000,0.000000,0.000000,0.000000,0.000000,0.000000,0.000000,0.000000,0.000000,0.000000,0.000000,0.000000,0.000000,0.000000,0.000000,0.000000,0.000000,0.000000,0.000000,0.000000,0.000000,0.000000,0.000000,0.000000,0.000000,0.000000,0.000000,0.000000,0.000000,0.000000,0.000000,0.000000,0.000000,0.000000,0.000000,0.000000,0.000000,0.000000,0.000000,0.000000,0.000000,0.000000,0.000000,0.000000,0.000000,0.000000,0.000000,0.000000,0.000000,0.000000,0.000000,0.000000,0.000000,0.000000,0.000000,0.000000,0.000000,0.000000,0.000000,0.000000,0.000000,0.000000,0.000000,0.000000,0.000000,0.000000,0.000000,0.000000,0.000000,0.000000,0.000000,0.000000,0.000000,0.000000,0.000000,0.000000,0.000000,0.000000,0.000000,0.000000,0.000000,0.000000,0.000000,0.000000,0.000000,0.000000,0.000000,0.000000,0.000000,0.000000,0.000000,0.000000,0.000000,0.000000,0.000000,
avg_symbol_len: 62.390625,167.871094,4.511719,4.203125,2.375000,2.550781,2.542969,5.464844,
avg_symbol_cnt: 251.910156
avg_hashtable_usage: 21.648438
avg_shortcodes_usage: 230.261719
max_2len_start_chars: 52
avg_2len_start_chars: 46.246094
max_2len_combinations: 18
avg_2len_combinations: 3.637181
0.437
Cycles (1) completed. Stats:
	Parameters:
		Block size: 4194304
		Input size: 1073741824
		Effective table size: 4194304
		File name: ../../thesis-testing/gdelt-locations-inflated-1gb/output_locations.txt
	Compression:
		Duration (us): 2763519
		Throughput (GB/s): 0.389
		Compressed size: 524367095
	Decompression:
		Duration (us): 1057770
		Throughput (GB/s): 1.015
		Ratio: 2.0477
	Compression phases:
		Table generation (GB/s, us): 3.497 (307065)
		Precomputation (GB/s, us): inf (0)
		Encoding (GB/s, us): 0.437 (2456050)
		Postprocessing (GB/s, us): inf (0)


avg_symbol_2len_start_char: 0.000000,0.000000,0.000000,0.000000,0.000000,0.000000,0.000000,0.000000,0.000000,0.000000,6.753906,0.000000,0.000000,0.000000,0.000000,0.000000,0.000000,0.000000,0.000000,0.000000,0.000000,0.000000,0.000000,0.000000,0.000000,0.000000,0.000000,0.000000,0.000000,0.000000,0.000000,0.000000,0.000000,0.000000,0.000000,0.000000,0.000000,0.000000,0.000000,0.000000,0.000000,0.000000,0.000000,0.000000,0.000000,0.003906,6.625000,0.000000,1.609375,3.851562,2.140625,0.980469,0.945312,0.957031,0.925781,1.011719,0.980469,1.023438,0.000000,0.000000,0.000000,0.000000,0.000000,0.000000,2.921875,0.000000,0.000000,0.000000,0.000000,0.000000,0.000000,0.000000,0.000000,0.000000,0.000000,0.000000,0.000000,0.000000,0.000000,0.000000,0.000000,0.000000,0.000000,0.000000,0.000000,0.000000,0.000000,0.000000,0.000000,0.000000,0.000000,0.000000,0.000000,0.000000,0.000000,0.281250,0.000000,10.570312,5.968750,6.117188,5.804688,9.371094,3.367188,6.156250,4.277344,9.109375,3.031250,4.746094,7.777344,7.992188,10.984375,7.148438,5.214844,0.070312,10.339844,10.117188,8.207031,7.347656,2.992188,2.800781,1.031250,3.222656,1.136719,0.000000,0.000000,0.000000,0.000000,0.000000,0.000000,0.000000,0.000000,0.000000,0.000000,0.000000,0.000000,0.000000,0.000000,0.000000,0.000000,0.000000,0.000000,0.000000,0.000000,0.000000,0.000000,0.000000,0.000000,0.000000,0.000000,0.000000,0.000000,0.000000,0.000000,0.000000,0.000000,0.000000,0.000000,0.000000,0.000000,0.000000,0.000000,0.000000,0.000000,0.000000,0.000000,0.000000,0.000000,0.000000,0.000000,0.000000,0.000000,0.000000,0.000000,0.000000,0.000000,0.000000,0.000000,0.000000,0.000000,0.000000,0.000000,0.000000,0.000000,0.000000,0.000000,0.000000,0.000000,0.000000,0.000000,0.000000,0.000000,0.000000,0.000000,0.000000,0.000000,0.000000,0.000000,0.000000,0.000000,0.000000,0.000000,0.000000,0.000000,0.000000,0.000000,0.000000,0.000000,0.000000,0.000000,0.000000,0.000000,0.000000,0.000000,0.000000,0.000000,0.000000,0.000000,0.000000,0.000000,0.000000,0.000000,0.000000,0.000000,0.000000,0.000000,0.000000,0.000000,0.000000,0.000000,0.000000,0.000000,0.000000,0.000000,0.000000,0.000000,0.000000,0.000000,0.000000,0.000000,0.000000,0.000000,0.000000,0.000000,0.000000,0.000000,0.000000,0.000000,0.000000,0.000000,0.000000,0.000000,0.000000,0.000000,0.000000,0.000000,
avg_symbol_len: 42.218750,185.914062,3.136719,1.992188,2.718750,1.875000,0.984375,10.390625,
avg_symbol_cnt: 249.230469
avg_hashtable_usage: 21.097656
avg_shortcodes_usage: 228.132812
max_2len_start_chars: 40
avg_2len_start_chars: 37.648438
max_2len_combinations: 15
avg_2len_combinations: 4.941295
0.317
Cycles (1) completed. Stats:
	Parameters:
		Block size: 4194304
		Input size: 1073741824
		Effective table size: 4194304
		File name: ../../thesis-testing/dbtext-inflated-1gb/output_email
	Compression:
		Duration (us): 3970819
		Throughput (GB/s): 0.270
		Compressed size: 516737171
	Decompression:
		Duration (us): 2337740
		Throughput (GB/s): 0.459
		Ratio: 2.0779
	Compression phases:
		Table generation (GB/s, us): 1.826 (587913)
		Precomputation (GB/s, us): inf (0)
		Encoding (GB/s, us): 0.317 (3382546)
		Postprocessing (GB/s, us): inf (0)
avg_symbol_2len_start_char: 0.000000,0.000000,0.000000,0.000000,0.000000,0.000000,0.000000,0.000000,0.000000,0.000000,11.613281,0.000000,0.000000,0.000000,0.000000,0.000000,0.000000,0.000000,0.000000,0.000000,0.000000,0.000000,0.000000,0.000000,0.000000,0.000000,0.000000,0.000000,0.000000,0.000000,0.000000,0.000000,0.000000,0.000000,0.000000,0.000000,0.000000,0.000000,0.000000,0.000000,0.000000,1.000000,0.000000,0.000000,1.000000,0.000000,0.972656,0.000000,0.046875,0.734375,0.027344,0.000000,0.000000,0.000000,0.000000,0.000000,0.000000,0.000000,0.000000,0.000000,0.000000,0.000000,0.000000,0.000000,0.000000,0.101562,0.574219,2.289062,0.292969,0.000000,0.082031,0.167969,0.535156,0.390625,0.347656,0.093750,0.464844,1.472656,0.742188,0.000000,0.535156,0.000000,0.515625,0.957031,0.304688,0.011719,0.074219,0.453125,0.000000,0.000000,0.000000,0.000000,0.000000,0.000000,0.000000,12.015625,0.000000,11.027344,2.066406,5.062500,4.894531,9.617188,0.738281,2.289062,4.503906,10.773438,0.000000,2.839844,6.511719,3.902344,9.722656,10.656250,3.140625,0.007812,8.273438,6.847656,8.222656,6.761719,2.652344,1.089844,0.000000,2.074219,0.003906,0.000000,0.000000,0.000000,0.000000,0.000000,0.000000,0.000000,0.000000,0.000000,0.000000,0.000000,0.000000,0.000000,0.000000,0.000000,0.000000,0.000000,0.000000,0.000000,0.000000,0.000000,0.000000,0.000000,0.000000,0.000000,0.000000,0.000000,0.000000,0.000000,0.000000,0.000000,0.000000,0.000000,0.000000,0.000000,0.000000,0.000000,0.000000,0.000000,0.000000,0.000000,0.000000,0.000000,0.000000,0.000000,0.000000,0.000000,0.000000,0.000000,0.000000,0.000000,0.000000,0.000000,0.000000,0.000000,0.000000,0.000000,0.000000,0.000000,0.000000,0.000000,0.000000,0.000000,0.000000,0.000000,0.000000,0.000000,0.000000,0.000000,0.000000,0.000000,0.000000,0.070312,0.000000,0.000000,0.000000,0.000000,0.000000,0.000000,0.000000,0.000000,0.000000,0.000000,0.000000,0.000000,0.000000,0.000000,0.000000,0.000000,0.000000,0.000000,0.000000,0.000000,0.000000,0.000000,0.000000,0.000000,0.000000,0.000000,0.000000,0.000000,0.000000,0.000000,0.000000,0.000000,0.000000,0.000000,0.000000,0.000000,0.000000,0.000000,0.000000,0.000000,0.000000,0.000000,0.000000,0.000000,0.000000,0.000000,0.000000,0.000000,0.000000,0.000000,0.000000,0.000000,0.000000,0.000000,0.000000,0.000000,0.000000,0.000000,0.000000,
avg_symbol_len: 67.253906,161.566406,18.812500,2.960938,1.625000,0.421875,0.273438,0.085938,
avg_symbol_cnt: 253.000000
avg_hashtable_usage: 24.179688
avg_shortcodes_usage: 228.820312
max_2len_start_chars: 40
avg_2len_start_chars: 35.121094
max_2len_combinations: 16
avg_2len_combinations: 4.613154
0.254
Cycles (1) completed. Stats:
	Parameters:
		Block size: 4194304
		Input size: 1073741824
		Effective table size: 4194304
		File name: ../../thesis-testing/dbtext-inflated-1gb/output_yago
	Compression:
		Duration (us): 4918095
		Throughput (GB/s): 0.218
		Compressed size: 678503043
	Decompression:
		Duration (us): 2720871
		Throughput (GB/s): 0.395
		Ratio: 1.5825
	Compression phases:
		Table generation (GB/s, us): 1.569 (684418)
		Precomputation (GB/s, us): inf (0)
		Encoding (GB/s, us): 0.254 (4233306)
		Postprocessing (GB/s, us): inf (0)
avg_symbol_2len_start_char: 0.000000,0.000000,0.000000,0.000000,0.000000,0.000000,0.000000,0.000000,0.000000,0.000000,10.593750,0.000000,0.000000,0.000000,0.000000,0.000000,0.000000,0.000000,0.000000,0.000000,0.000000,0.000000,0.000000,0.000000,0.000000,0.000000,0.000000,0.000000,0.000000,0.000000,0.000000,0.000000,0.000000,0.000000,0.000000,0.000000,0.000000,0.000000,0.000000,0.035156,0.000000,1.000000,0.000000,0.000000,1.000000,0.000000,0.765625,0.035156,0.015625,1.105469,0.945312,0.000000,0.000000,0.000000,0.000000,0.000000,0.000000,0.000000,0.000000,0.000000,0.000000,0.000000,0.000000,0.000000,0.000000,0.382812,0.097656,1.406250,0.171875,0.000000,0.027344,0.039062,0.285156,0.429688,0.171875,0.003906,0.859375,0.781250,0.347656,0.000000,0.707031,0.000000,0.847656,0.417969,0.195312,0.070312,0.027344,0.421875,0.000000,0.000000,0.000000,0.000000,0.000000,0.000000,0.000000,12.445312,0.000000,10.300781,3.140625,5.921875,4.429688,9.703125,0.562500,2.906250,4.074219,10.121094,0.031250,2.039062,6.113281,4.652344,9.832031,9.300781,3.707031,0.035156,7.691406,8.503906,8.070312,6.414062,2.351562,0.964844,0.000000,2.027344,0.000000,0.000000,0.000000,0.000000,0.000000,0.000000,0.000000,0.000000,0.000000,0.000000,0.000000,0.000000,0.000000,0.000000,0.000000,0.000000,0.000000,0.000000,0.000000,0.000000,0.000000,0.000000,0.000000,0.000000,0.000000,0.000000,0.000000,0.000000,0.000000,0.000000,0.000000,0.000000,0.000000,0.000000,0.000000,0.000000,0.000000,0.000000,0.000000,0.000000,0.000000,0.000000,0.000000,0.000000,0.000000,0.000000,0.000000,0.000000,0.000000,0.000000,0.000000,0.000000,0.000000,0.000000,0.000000,0.000000,0.000000,0.000000,0.000000,0.000000,0.000000,0.000000,0.000000,0.000000,0.000000,0.000000,0.000000,0.000000,0.000000,0.000000,0.000000,0.000000,0.000000,0.000000,0.000000,0.000000,0.000000,0.000000,0.000000,0.000000,0.000000,0.000000,0.000000,0.000000,0.000000,0.000000,0.000000,0.000000,0.000000,0.000000,0.000000,0.000000,0.000000,0.000000,0.000000,0.000000,0.000000,0.000000,0.000000,0.000000,0.000000,0.000000,0.000000,0.000000,0.023438,0.000000,0.000000,0.000000,0.000000,0.000000,0.000000,0.000000,0.000000,0.000000,0.000000,0.000000,0.000000,0.000000,0.000000,0.000000,0.000000,0.000000,0.000000,0.000000,0.000000,0.000000,0.000000,0.000000,0.000000,0.000000,0.000000,0.000000,0.000000,
avg_symbol_len: 72.097656,158.550781,10.675781,4.121094,3.691406,0.761719,1.101562,2.000000,
avg_symbol_cnt: 253.000000
avg_hashtable_usage: 22.351562
avg_shortcodes_usage: 230.648438
max_2len_start_chars: 40
avg_2len_start_chars: 34.742188
max_2len_combinations: 18
avg_2len_combinations: 4.576294
0.257
Cycles (1) completed. Stats:
	Parameters:
		Block size: 4194304
		Input size: 1073741824
		Effective table size: 4194304
		File name: ../../thesis-testing/dbtext-inflated-1gb/output_wiki
	Compression:
		Duration (us): 4850724
		Throughput (GB/s): 0.221
		Compressed size: 670429795
	Decompression:
		Duration (us): 2714633
		Throughput (GB/s): 0.396
		Ratio: 1.6016
	Compression phases:
		Table generation (GB/s, us): 1.603 (669885)
		Precomputation (GB/s, us): inf (0)
		Encoding (GB/s, us): 0.257 (4180458)
		Postprocessing (GB/s, us): inf (0)
avg_symbol_2len_start_char: 0.000000,0.000000,0.000000,0.000000,0.000000,0.000000,0.000000,0.000000,0.000000,0.000000,0.011719,0.000000,0.000000,0.000000,0.000000,0.000000,0.000000,0.000000,0.000000,0.000000,0.000000,0.000000,0.000000,0.000000,0.000000,0.000000,0.000000,0.000000,0.000000,0.000000,0.000000,0.000000,0.000000,0.000000,0.000000,0.000000,0.000000,0.308594,0.023438,0.000000,0.000000,0.316406,0.000000,0.000000,0.191406,1.910156,3.578125,11.570312,1.824219,2.453125,1.222656,0.167969,0.054688,0.078125,0.050781,0.058594,0.082031,0.167969,0.003906,0.000000,0.000000,0.191406,0.000000,0.011719,0.000000,0.078125,0.027344,0.289062,0.011719,0.007812,0.007812,0.007812,0.015625,0.007812,0.000000,0.000000,0.058594,0.359375,0.007812,0.000000,0.093750,0.000000,0.015625,0.023438,0.042969,0.000000,0.000000,0.000000,0.000000,0.000000,0.000000,0.000000,0.000000,0.000000,0.000000,4.156250,0.000000,9.582031,3.855469,5.609375,4.187500,10.394531,2.867188,3.820312,3.863281,9.152344,0.015625,1.476562,5.527344,4.355469,9.484375,8.179688,5.285156,0.050781,6.761719,10.617188,8.968750,5.972656,2.378906,1.335938,0.035156,1.226562,0.007812,0.000000,0.000000,0.000000,0.000000,0.000000,0.000000,0.000000,0.000000,0.000000,0.000000,0.000000,0.000000,0.000000,0.000000,0.000000,0.000000,0.000000,0.000000,0.000000,0.000000,0.000000,0.000000,0.000000,0.000000,0.000000,0.000000,0.000000,0.000000,0.000000,0.000000,0.000000,0.000000,0.000000,0.000000,0.000000,0.000000,0.000000,0.000000,0.000000,0.000000,0.000000,0.000000,0.000000,0.000000,0.000000,0.000000,0.000000,0.000000,0.000000,0.000000,0.000000,0.000000,0.000000,0.000000,0.000000,0.000000,0.000000,0.000000,0.000000,0.000000,0.000000,0.000000,0.000000,0.000000,0.000000,0.000000,0.000000,0.000000,0.000000,0.000000,0.000000,0.000000,0.000000,0.000000,0.000000,0.000000,0.000000,0.000000,0.000000,0.000000,0.000000,0.000000,0.000000,0.000000,0.000000,0.000000,0.000000,0.000000,0.000000,0.000000,0.000000,0.000000,0.000000,0.000000,0.000000,0.000000,0.000000,0.000000,0.000000,0.000000,0.000000,0.000000,0.000000,0.000000,0.000000,0.000000,0.000000,0.000000,0.000000,0.000000,0.000000,0.000000,0.000000,0.000000,0.000000,0.000000,0.000000,0.000000,0.000000,0.000000,0.000000,0.000000,0.000000,0.000000,0.000000,0.000000,0.000000,0.000000,0.000000,0.000000,0.000000,0.000000,
avg_symbol_len: 77.148438,154.500000,1.386719,4.117188,2.097656,4.710938,2.750000,6.253906,
avg_symbol_cnt: 252.964844
avg_hashtable_usage: 21.316406
avg_shortcodes_usage: 231.648438
max_2len_start_chars: 36
avg_2len_start_chars: 31.003906
max_2len_combinations: 18
avg_2len_combinations: 4.998025
0.328
Cycles (1) completed. Stats:
	Parameters:
		Block size: 4194304
		Input size: 1073741824
		Effective table size: 4194304
		File name: ../../thesis-testing/dbtext-inflated-1gb/output_urls2
	Compression:
		Duration (us): 3816547
		Throughput (GB/s): 0.281
		Compressed size: 518606627
	Decompression:
		Duration (us): 2145485
		Throughput (GB/s): 0.500
		Ratio: 2.0704
	Compression phases:
		Table generation (GB/s, us): 1.995 (538163)
		Precomputation (GB/s, us): inf (0)
		Encoding (GB/s, us): 0.328 (3278000)
		Postprocessing (GB/s, us): inf (0)
avg_symbol_2len_start_char: 0.000000,0.000000,0.000000,0.000000,0.000000,0.000000,0.000000,0.000000,0.000000,0.000000,0.000000,0.000000,0.000000,0.000000,0.000000,0.000000,0.000000,0.000000,0.000000,0.000000,0.000000,0.000000,0.000000,0.000000,0.000000,0.000000,0.000000,0.000000,0.000000,0.000000,0.000000,0.000000,0.000000,0.000000,0.000000,0.000000,0.000000,0.109375,0.000000,0.000000,0.000000,0.000000,0.000000,0.000000,0.000000,3.468750,4.812500,8.445312,10.125000,9.367188,5.875000,3.789062,3.589844,3.625000,2.914062,2.652344,3.457031,3.203125,4.140625,0.000000,0.000000,0.000000,0.000000,0.000000,0.000000,0.300781,0.003906,0.050781,0.003906,0.000000,0.023438,0.128906,0.000000,0.000000,0.000000,0.000000,0.027344,0.335938,0.003906,0.054688,0.121094,0.000000,0.003906,0.203125,3.632812,0.000000,0.093750,0.035156,0.000000,0.000000,0.000000,0.000000,0.000000,0.000000,0.000000,0.269531,0.000000,8.019531,0.144531,6.777344,3.902344,8.468750,0.773438,4.113281,0.726562,5.917969,0.003906,0.476562,5.160156,3.542969,7.894531,5.234375,1.539062,0.917969,4.515625,5.820312,5.250000,3.234375,2.710938,2.003906,0.101562,0.351562,0.003906,0.000000,0.000000,0.000000,0.000000,0.000000,0.000000,0.000000,0.000000,0.000000,0.000000,0.000000,0.000000,0.000000,0.000000,0.000000,0.000000,0.000000,0.000000,0.000000,0.000000,0.000000,0.000000,0.000000,0.000000,0.000000,0.000000,0.000000,0.000000,0.000000,0.000000,0.000000,0.000000,0.000000,0.000000,0.000000,0.000000,0.000000,0.000000,0.000000,0.000000,0.000000,0.000000,0.000000,0.000000,0.000000,0.000000,0.000000,0.000000,0.000000,0.000000,0.000000,0.000000,0.000000,0.000000,0.000000,0.000000,0.000000,0.000000,0.000000,0.000000,0.000000,0.000000,0.000000,0.000000,0.000000,0.000000,0.000000,0.000000,0.000000,0.000000,0.000000,0.000000,0.000000,0.000000,0.000000,0.000000,0.000000,0.000000,0.000000,0.000000,0.000000,0.000000,0.000000,0.000000,0.000000,0.000000,0.000000,0.000000,0.000000,0.000000,0.000000,0.000000,0.000000,0.000000,0.000000,0.000000,0.000000,0.000000,0.000000,0.000000,0.000000,0.152344,0.031250,0.003906,0.000000,0.000000,0.000000,0.000000,0.000000,0.000000,0.000000,0.000000,0.000000,0.000000,0.000000,0.000000,0.000000,0.000000,0.000000,0.000000,0.000000,0.000000,0.000000,0.000000,0.000000,0.000000,0.000000,0.000000,0.000000,0.000000,0.000000,0.000000,
avg_symbol_len: 71.582031,162.660156,1.375000,6.406250,1.027344,2.875000,1.792969,5.281250,
avg_symbol_cnt: 253.000000
avg_hashtable_usage: 18.757812
avg_shortcodes_usage: 234.242188
max_2len_start_chars: 43
avg_2len_start_chars: 36.917969
max_2len_combinations: 14
avg_2len_combinations: 4.415421
0.393
Cycles (1) completed. Stats:
	Parameters:
		Block size: 4194304
		Input size: 1073741824
		Effective table size: 4194304
		File name: ../../thesis-testing/dbtext-inflated-1gb/output_urls
	Compression:
		Duration (us): 3138036
		Throughput (GB/s): 0.342
		Compressed size: 477604573
	Decompression:
		Duration (us): 1622102
		Throughput (GB/s): 0.662
		Ratio: 2.2482
	Compression phases:
		Table generation (GB/s, us): 2.638 (406995)
		Precomputation (GB/s, us): inf (0)
		Encoding (GB/s, us): 0.393 (2730586)
		Postprocessing (GB/s, us): inf (0)
avg_symbol_2len_start_char: 0.000000,0.000000,0.000000,0.000000,0.000000,0.000000,0.000000,0.000000,0.000000,0.000000,0.000000,0.000000,0.000000,0.000000,0.000000,0.000000,0.000000,0.000000,0.000000,0.000000,0.000000,0.000000,0.000000,0.000000,0.000000,0.000000,0.000000,0.000000,0.000000,0.000000,0.000000,0.000000,0.000000,0.000000,0.000000,0.000000,0.000000,0.000000,0.000000,0.000000,0.000000,0.000000,0.000000,0.000000,0.000000,15.941406,0.000000,0.000000,7.269531,9.816406,7.050781,14.429688,9.097656,9.820312,7.207031,14.378906,9.097656,15.250000,0.000000,0.000000,0.000000,0.000000,0.000000,0.000000,0.000000,0.000000,0.000000,0.000000,0.000000,0.000000,0.000000,0.000000,0.000000,0.000000,0.000000,0.000000,0.000000,0.000000,0.000000,0.000000,0.000000,0.000000,0.000000,0.000000,0.000000,0.000000,0.000000,0.000000,0.000000,0.000000,0.000000,0.000000,0.000000,0.000000,0.000000,0.000000,0.000000,15.558594,16.164062,14.152344,16.175781,10.351562,14.589844,0.000000,0.000000,0.000000,0.000000,0.000000,0.000000,0.000000,0.000000,0.000000,0.000000,0.000000,0.000000,0.000000,0.000000,0.000000,0.000000,0.000000,0.000000,0.000000,0.000000,0.000000,0.000000,0.000000,0.000000,0.000000,0.000000,0.000000,0.000000,0.000000,0.000000,0.000000,0.000000,0.000000,0.000000,0.000000,0.000000,0.000000,0.000000,0.000000,0.000000,0.000000,0.000000,0.000000,0.000000,0.000000,0.000000,0.000000,0.000000,0.000000,0.000000,0.000000,0.000000,0.000000,0.000000,0.000000,0.000000,0.000000,0.000000,0.000000,0.000000,0.000000,0.000000,0.000000,0.000000,0.000000,0.000000,0.000000,0.000000,0.000000,0.000000,0.000000,0.000000,0.000000,0.000000,0.000000,0.000000,0.000000,0.000000,0.000000,0.000000,0.000000,0.000000,0.000000,0.000000,0.000000,0.000000,0.000000,0.000000,0.000000,0.000000,0.000000,0.000000,0.000000,0.000000,0.000000,0.000000,0.000000,0.000000,0.000000,0.000000,0.000000,0.000000,0.000000,0.000000,0.000000,0.000000,0.000000,0.000000,0.000000,0.000000,0.000000,0.000000,0.000000,0.000000,0.000000,0.000000,0.000000,0.000000,0.000000,0.000000,0.000000,0.000000,0.000000,0.000000,0.000000,0.000000,0.000000,0.000000,0.000000,0.000000,0.000000,0.000000,0.000000,0.000000,0.000000,0.000000,0.000000,0.000000,0.000000,0.000000,0.000000,0.000000,0.000000,0.000000,0.000000,0.000000,0.000000,0.000000,0.000000,0.000000,0.000000,0.000000,
avg_symbol_len: 19.000000,206.351562,4.328125,8.984375,0.714844,0.164062,0.007812,9.441406,
avg_symbol_cnt: 248.992188
avg_hashtable_usage: 23.640625
avg_shortcodes_usage: 225.351562
max_2len_start_chars: 17
avg_2len_start_chars: 17.000000
max_2len_combinations: 18
avg_2len_combinations: 12.138350
0.441
Cycles (1) completed. Stats:
	Parameters:
		Block size: 4194304
		Input size: 1073741824
		Effective table size: 4194304
		File name: ../../thesis-testing/dbtext-inflated-1gb/output_uuid
	Compression:
		Duration (us): 3000169
		Throughput (GB/s): 0.358
		Compressed size: 449191443
	Decompression:
		Duration (us): 1363463
		Throughput (GB/s): 0.788
		Ratio: 2.3904
	Compression phases:
		Table generation (GB/s, us): 1.901 (564965)
		Precomputation (GB/s, us): inf (0)
		Encoding (GB/s, us): 0.441 (2434803)
		Postprocessing (GB/s, us): inf (0)
avg_symbol_2len_start_char: 0.000000,0.000000,0.000000,0.000000,0.000000,0.000000,0.000000,0.000000,0.000000,0.000000,15.000000,0.000000,0.000000,0.000000,0.000000,0.000000,0.000000,0.000000,0.000000,0.000000,0.000000,0.000000,0.000000,0.000000,0.000000,0.000000,0.000000,0.000000,0.000000,0.000000,0.000000,0.000000,0.000000,0.000000,0.000000,0.000000,0.000000,0.000000,0.000000,0.000000,0.000000,0.000000,0.000000,0.000000,0.000000,0.000000,0.000000,0.000000,8.390625,13.796875,13.937500,13.914062,13.980469,13.996094,13.953125,14.167969,13.839844,14.203125,0.000000,0.000000,0.000000,0.000000,0.000000,0.000000,0.000000,14.367188,14.410156,14.039062,14.335938,14.113281,14.550781,0.000000,0.000000,0.000000,0.000000,0.000000,0.000000,0.000000,0.000000,0.000000,0.000000,0.000000,0.000000,0.000000,0.000000,0.000000,0.000000,0.000000,0.000000,0.000000,0.000000,0.000000,0.000000,0.000000,0.000000,0.000000,0.000000,0.000000,0.000000,0.000000,0.000000,0.000000,0.000000,0.000000,0.000000,0.000000,0.000000,0.000000,0.000000,0.000000,0.000000,0.000000,0.000000,0.000000,0.000000,0.000000,0.000000,0.000000,0.000000,0.000000,0.000000,0.000000,0.000000,0.000000,0.000000,0.000000,0.000000,0.000000,0.000000,0.000000,0.000000,0.000000,0.000000,0.000000,0.000000,0.000000,0.000000,0.000000,0.000000,0.000000,0.000000,0.000000,0.000000,0.000000,0.000000,0.000000,0.000000,0.000000,0.000000,0.000000,0.000000,0.000000,0.000000,0.000000,0.000000,0.000000,0.000000,0.000000,0.000000,0.000000,0.000000,0.000000,0.000000,0.000000,0.000000,0.000000,0.000000,0.000000,0.000000,0.000000,0.000000,0.000000,0.000000,0.000000,0.000000,0.000000,0.000000,0.000000,0.000000,0.000000,0.000000,0.000000,0.000000,0.000000,0.000000,0.000000,0.000000,0.000000,0.000000,0.000000,0.000000,0.000000,0.000000,0.000000,0.000000,0.000000,0.000000,0.000000,0.000000,0.000000,0.000000,0.000000,0.000000,0.000000,0.000000,0.000000,0.000000,0.000000,0.000000,0.000000,0.000000,0.000000,0.000000,0.000000,0.000000,0.000000,0.000000,0.000000,0.000000,0.000000,0.000000,0.000000,0.000000,0.000000,0.000000,0.000000,0.000000,0.000000,0.000000,0.000000,0.000000,0.000000,0.000000,0.000000,0.000000,0.000000,0.000000,0.000000,0.000000,0.000000,0.000000,0.000000,0.000000,0.000000,0.000000,0.000000,0.000000,0.000000,0.000000,0.000000,0.000000,0.000000,0.000000,0.000000,0.000000,
avg_symbol_len: 18.000000,234.996094,0.003906,0.000000,0.000000,0.000000,0.000000,0.000000,
avg_symbol_cnt: 253.000000
avg_hashtable_usage: 0.003906
avg_shortcodes_usage: 252.996094
max_2len_start_chars: 17
avg_2len_start_chars: 17.000000
max_2len_combinations: 17
avg_2len_combinations: 13.823271
0.375
Cycles (1) completed. Stats:
	Parameters:
		Block size: 4194304
		Input size: 1073741824
		Effective table size: 4194304
		File name: ../../thesis-testing/dbtext-inflated-1gb/output_hex
	Compression:
		Duration (us): 3635856
		Throughput (GB/s): 0.295
		Compressed size: 582521524
	Decompression:
		Duration (us): 1504976
		Throughput (GB/s): 0.713
		Ratio: 1.8433
	Compression phases:
		Table generation (GB/s, us): 1.389 (773126)
		Precomputation (GB/s, us): inf (0)
		Encoding (GB/s, us): 0.375 (2862357)
		Postprocessing (GB/s, us): inf (0)