avg_symbol_2len_start_char: 0.000000,0.000000,0.000000,0.000000,0.000000,0.000000,0.000000,0.000000,0.000000,0.000000,17.440678,0.000000,0.000000,0.000000,0.000000,0.000000,0.000000,0.000000,0.000000,0.000000,0.000000,0.000000,0.000000,0.000000,0.000000,0.000000,0.000000,0.000000,0.000000,0.000000,0.000000,0.000000,16.889830,0.389830,0.000000,0.000000,0.000000,0.000000,0.000000,0.000000,0.000000,0.000000,0.000000,0.000000,1.008475,0.385593,1.830508,0.000000,0.000000,0.000000,0.000000,0.000000,0.000000,0.000000,0.000000,0.000000,0.000000,0.000000,0.322034,0.347458,0.000000,0.000000,0.000000,0.406780,0.000000,0.000000,0.000000,0.000000,0.000000,0.000000,0.000000,0.000000,0.000000,0.000000,0.000000,0.000000,0.000000,0.000000,0.000000,0.000000,0.000000,0.000000,0.000000,0.000000,0.000000,0.000000,0.000000,0.000000,0.000000,0.000000,0.000000,0.000000,0.000000,0.000000,0.000000,0.000000,0.000000,13.419492,3.572034,9.292373,4.737288,15.686440,6.877119,7.487288,3.588983,9.686440,1.004237,3.093220,10.826271,2.046610,10.033898,11.741526,9.309322,1.211864,8.542373,9.843221,8.097458,9.817797,1.000000,1.084746,3.088983,3.822034,0.055085,0.000000,0.000000,0.000000,0.000000,0.000000,0.000000,0.000000,0.000000,0.000000,0.000000,0.000000,0.000000,0.000000,0.000000,0.000000,0.000000,0.000000,0.000000,0.000000,0.000000,0.000000,0.000000,0.000000,0.000000,0.000000,0.000000,0.000000,0.000000,0.000000,0.000000,0.000000,0.000000,0.000000,0.000000,0.000000,0.000000,0.000000,0.000000,0.000000,0.000000,0.000000,0.000000,0.000000,0.000000,0.000000,0.000000,0.000000,0.000000,0.000000,0.000000,0.000000,0.000000,0.000000,0.000000,0.000000,0.000000,0.000000,0.000000,0.000000,0.000000,0.000000,0.000000,0.000000,0.000000,0.000000,0.000000,0.000000,0.000000,0.000000,0.000000,0.000000,0.000000,0.000000,0.000000,0.000000,0.000000,0.000000,0.000000,0.000000,0.000000,0.000000,0.000000,0.000000,0.000000,0.000000,0.000000,0.000000,0.000000,0.000000,0.000000,0.000000,0.000000,0.000000,0.000000,0.000000,0.000000,0.000000,0.000000,0.000000,0.000000,0.000000,0.000000,0.000000,0.000000,0.000000,0.000000,0.000000,0.000000,0.000000,0.000000,0.000000,0.000000,0.000000,0.000000,0.000000,0.000000,0.000000,0.000000,0.000000,0.000000,0.000000,0.000000,0.000000,0.000000,0.000000,0.000000,0.000000,0.000000,0.000000,0.000000,0.000000,0.000000,
avg_symbol_len: 35.118645,207.987289,3.508475,1.512712,1.597458,2.241525,0.461864,0.567797,
avg_symbol_cnt: 252.995758
avg_hashtable_usage: 9.889831
avg_shortcodes_usage: 243.105927
max_2len_start_chars: 34
avg_2len_start_chars: 30.851694
max_2len_combinations: 22
avg_2len_combinations: 6.749182
0.421
Cycles (1) completed. Stats:
	Parameters:
		Block size: 4194304
		Input size: 989855744
		Effective table size: 4194304
		File name: ../../thesis-testing/lineitem-1gb/lineitem-comments-1gb-1.txt
	Compression:
		Duration (us): 2697742
		Throughput (GB/s): 0.367
		Compressed size: 469985562
	Decompression:
		Duration (us): 1325910
		Throughput (GB/s): 0.747
		Ratio: 2.1061
	Compression phases:
		Table generation (GB/s, us): 2.867 (345229)
		Precomputation (GB/s, us): inf (0)
		Encoding (GB/s, us): 0.421 (2352111)
		Postprocessing (GB/s, us): inf (0)
avg_symbol_2len_start_char: 0.000000,0.000000,0.000000,0.000000,0.000000,0.000000,0.000000,0.000000,0.000000,0.000000,1.030973,0.000000,0.000000,0.000000,0.000000,0.000000,0.000000,0.000000,0.000000,0.000000,0.000000,0.000000,0.000000,0.000000,0.000000,0.000000,0.000000,0.000000,0.000000,0.000000,0.000000,0.000000,0.000000,0.000000,0.000000,0.353982,0.000000,0.000000,0.000000,0.000000,0.000000,0.000000,0.000000,0.000000,0.000000,0.000000,0.000000,0.000000,9.681416,9.672566,9.800885,9.628319,9.703540,9.707965,9.623894,9.601769,9.840708,9.557522,0.000000,0.000000,0.000000,0.000000,0.000000,0.000000,0.000000,0.000000,0.000000,0.358407,0.000000,0.000000,0.000000,0.000000,0.000000,0.000000,0.000000,0.000000,0.000000,0.000000,0.000000,0.000000,0.000000,0.000000,0.000000,0.000000,0.000000,0.000000,0.000000,0.000000,0.000000,0.000000,0.000000,0.000000,0.000000,0.000000,0.000000,0.000000,0.000000,0.000000,0.000000,0.000000,0.000000,0.203540,0.000000,0.000000,0.000000,0.000000,0.000000,0.000000,0.000000,0.345133,0.000000,0.429204,0.000000,0.000000,1.088496,0.225664,1.057522,0.438053,0.000000,0.000000,0.000000,0.000000,0.000000,0.000000,0.000000,0.000000,0.000000,0.000000,0.000000,0.000000,0.000000,0.000000,0.000000,0.000000,0.000000,0.000000,0.000000,0.000000,0.000000,0.000000,0.000000,0.000000,0.000000,0.000000,0.000000,0.000000,0.000000,0.000000,0.000000,0.000000,0.000000,0.000000,0.000000,0.000000,0.000000,0.000000,0.000000,0.000000,0.000000,0.000000,0.000000,0.000000,0.000000,0.000000,0.000000,0.000000,0.000000,0.000000,0.000000,0.000000,0.000000,0.000000,0.000000,0.000000,0.000000,0.000000,0.000000,0.000000,0.000000,0.000000,0.000000,0.000000,0.000000,0.000000,0.000000,0.000000,0.000000,0.000000,0.000000,0.000000,0.000000,0.000000,0.000000,0.000000,0.000000,0.000000,0.000000,0.000000,0.000000,0.000000,0.000000,0.000000,0.000000,0.000000,0.000000,0.000000,0.000000,0.000000,0.000000,0.000000,0.000000,0.000000,0.000000,0.000000,0.000000,0.000000,0.000000,0.000000,0.000000,0.000000,0.000000,0.000000,0.000000,0.000000,0.000000,0.000000,0.000000,0.000000,0.000000,0.000000,0.000000,0.000000,0.000000,0.000000,0.000000,0.000000,0.000000,0.000000,0.000000,0.000000,0.000000,0.000000,0.000000,0.000000,0.000000,0.000000,0.000000,0.000000,0.000000,0.000000,0.000000,0.000000,0.000000,0.000000,0.000000,
avg_symbol_len: 20.774336,102.349556,0.163717,0.876106,0.929204,3.035398,0.097345,3.933628,
avg_symbol_cnt: 132.159286
avg_hashtable_usage: 9.035398
avg_shortcodes_usage: 123.123894
max_2len_start_chars: 20
avg_2len_start_chars: 14.278761
max_2len_combinations: 13
avg_2len_combinations: 7.216125
0.719
Cycles (1) completed. Stats:
	Parameters:
		Block size: 4194304
		Input size: 947912704
		Effective table size: 4194304
		File name: ../../thesis-testing/customer-1gb/customer-id-1gb-1.txt
	Compression:
		Duration (us): 1513504
		Throughput (GB/s): 0.626
		Compressed size: 257105806
	Decompression:
		Duration (us): 740492
		Throughput (GB/s): 1.280
		Ratio: 3.6869
	Compression phases:
		Table generation (GB/s, us): 4.871 (194612)
		Precomputation (GB/s, us): inf (0)
		Encoding (GB/s, us): 0.719 (1318563)
		Postprocessing (GB/s, us): inf (0)

avg_symbol_2len_start_char: 0.000000,0.000000,0.000000,0.000000,0.000000,0.000000,0.000000,0.000000,0.000000,0.000000,10.523438,0.000000,0.000000,0.000000,0.000000,0.000000,0.000000,0.000000,0.000000,0.000000,0.000000,0.000000,0.000000,0.000000,0.000000,0.000000,0.000000,0.000000,0.000000,0.000000,0.000000,0.000000,15.082031,0.000000,0.000000,0.000000,0.000000,0.000000,0.000000,0.433594,0.687500,0.734375,0.218750,0.000000,1.000000,0.488281,0.000000,0.000000,0.000000,0.000000,0.000000,0.000000,0.000000,0.000000,0.000000,0.000000,0.000000,0.000000,0.000000,0.000000,0.000000,0.000000,0.000000,0.000000,0.000000,1.601562,2.035156,2.406250,1.277344,0.628906,0.765625,1.062500,0.007812,1.468750,0.933594,2.332031,1.722656,1.789062,1.585938,0.355469,1.320312,0.402344,0.761719,3.179688,1.761719,0.445312,0.128906,0.820312,0.000000,0.449219,0.527344,0.000000,0.000000,0.000000,0.000000,0.000000,0.000000,11.835938,1.964844,2.878906,6.640625,11.062500,0.515625,4.156250,4.667969,9.570312,1.171875,3.671875,7.734375,2.804688,7.882812,8.335938,2.093750,0.683594,5.816406,7.355469,6.816406,6.222656,1.171875,2.351562,0.171875,4.996094,1.019531,0.000000,0.000000,0.000000,0.000000,0.000000,0.000000,0.000000,0.000000,0.000000,0.000000,0.000000,0.000000,0.000000,0.000000,0.000000,0.000000,0.000000,0.000000,0.000000,0.000000,0.000000,0.000000,0.000000,0.000000,0.000000,0.000000,0.000000,0.000000,0.000000,0.000000,0.000000,0.000000,0.000000,0.000000,0.000000,0.000000,0.000000,0.000000,0.000000,0.000000,0.000000,0.000000,0.000000,0.000000,0.000000,0.000000,0.000000,0.000000,0.000000,0.000000,0.000000,0.000000,0.000000,0.000000,0.000000,0.000000,0.000000,0.000000,0.000000,0.000000,0.000000,0.000000,0.000000,0.000000,0.000000,0.000000,0.000000,0.000000,0.000000,0.000000,0.000000,0.000000,0.000000,0.000000,0.000000,0.000000,0.000000,0.000000,0.000000,0.000000,0.000000,0.000000,0.000000,0.000000,0.000000,0.000000,0.000000,0.000000,0.000000,0.000000,0.000000,0.000000,0.000000,0.000000,0.000000,0.000000,0.000000,0.000000,0.000000,0.000000,0.000000,0.000000,0.000000,0.000000,0.000000,0.000000,0.000000,0.000000,0.000000,0.000000,0.000000,0.000000,0.000000,0.000000,0.000000,0.000000,0.000000,0.000000,0.000000,0.000000,0.000000,0.000000,0.000000,0.000000,0.000000,0.000000,0.000000,0.000000,0.000000,0.000000,0.000000,0.000000,
avg_symbol_len: 61.234375,182.531250,2.121094,1.527344,0.785156,1.453125,0.859375,2.386719,
avg_symbol_cnt: 252.898438
avg_hashtable_usage: 9.132812
avg_shortcodes_usage: 243.765625
max_2len_start_chars: 53
avg_2len_start_chars: 47.378906
max_2len_combinations: 20
avg_2len_combinations: 3.861098
0.420
Cycles (1) completed. Stats:
	Parameters:
		Block size: 4194304
		Input size: 1073741824
		Effective table size: 4194304
		File name: ../../thesis-testing/gdelt-locations-inflated-1gb/output_locations.txt
	Compression:
		Duration (us): 2860422
		Throughput (GB/s): 0.375
		Compressed size: 553144248
	Decompression:
		Duration (us): 1124191
		Throughput (GB/s): 0.955
		Ratio: 1.9412
	Compression phases:
		Table generation (GB/s, us): 3.524 (304660)
		Precomputation (GB/s, us): inf (0)
		Encoding (GB/s, us): 0.420 (2555367)
		Postprocessing (GB/s, us): inf (0)


avg_symbol_2len_start_char: 0.000000,0.000000,0.000000,0.000000,0.000000,0.000000,0.000000,0.000000,0.000000,0.000000,9.878906,0.000000,0.000000,0.000000,0.000000,0.000000,0.000000,0.000000,0.000000,0.000000,0.000000,0.000000,0.000000,0.000000,0.000000,0.000000,0.000000,0.000000,0.000000,0.000000,0.000000,0.000000,0.000000,0.000000,0.000000,0.000000,0.000000,0.000000,0.000000,0.000000,0.000000,0.000000,0.000000,0.000000,0.000000,0.007812,7.914062,0.000000,1.742188,4.019531,2.187500,1.011719,1.003906,1.003906,0.976562,1.031250,1.003906,1.054688,0.000000,0.000000,0.000000,0.000000,0.000000,0.000000,5.195312,0.000000,0.000000,0.000000,0.000000,0.000000,0.000000,0.000000,0.000000,0.000000,0.000000,0.000000,0.000000,0.000000,0.000000,0.000000,0.000000,0.000000,0.000000,0.000000,0.000000,0.000000,0.000000,0.000000,0.000000,0.000000,0.000000,0.000000,0.000000,0.000000,0.000000,0.359375,0.000000,12.531250,6.000000,6.128906,5.957031,10.488281,3.515625,6.156250,4.281250,9.625000,2.796875,5.007812,7.886719,7.296875,11.140625,8.425781,5.421875,0.097656,10.996094,10.398438,9.390625,7.429688,3.000000,2.886719,1.066406,3.273438,1.296875,0.000000,0.000000,0.000000,0.000000,0.000000,0.000000,0.000000,0.000000,0.000000,0.000000,0.000000,0.000000,0.000000,0.000000,0.000000,0.000000,0.000000,0.000000,0.000000,0.000000,0.000000,0.000000,0.000000,0.000000,0.000000,0.000000,0.000000,0.000000,0.000000,0.000000,0.000000,0.000000,0.000000,0.000000,0.000000,0.000000,0.000000,0.000000,0.000000,0.000000,0.000000,0.000000,0.000000,0.000000,0.000000,0.000000,0.000000,0.000000,0.000000,0.000000,0.000000,0.000000,0.000000,0.000000,0.000000,0.000000,0.000000,0.000000,0.000000,0.000000,0.000000,0.000000,0.000000,0.000000,0.000000,0.000000,0.000000,0.000000,0.000000,0.000000,0.000000,0.000000,0.000000,0.000000,0.000000,0.000000,0.000000,0.000000,0.000000,0.000000,0.000000,0.000000,0.000000,0.000000,0.000000,0.000000,0.000000,0.000000,0.000000,0.000000,0.000000,0.000000,0.000000,0.000000,0.000000,0.000000,0.000000,0.000000,0.000000,0.000000,0.000000,0.000000,0.000000,0.000000,0.000000,0.000000,0.000000,0.000000,0.000000,0.000000,0.000000,0.000000,0.000000,0.000000,0.000000,0.000000,0.000000,0.000000,0.000000,0.000000,0.000000,0.000000,0.000000,0.000000,0.000000,0.000000,0.000000,0.000000,0.000000,0.000000,0.000000,0.000000,
avg_symbol_len: 42.167969,200.886719,0.000000,1.570312,1.003906,1.851562,0.375000,4.210938,
avg_symbol_cnt: 252.066406
avg_hashtable_usage: 9.011719
avg_shortcodes_usage: 243.054688
max_2len_start_chars: 41
avg_2len_start_chars: 38.050781
max_2len_combinations: 18
avg_2len_combinations: 5.282087
0.314
Cycles (1) completed. Stats:
	Parameters:
		Block size: 4194304
		Input size: 1073741824
		Effective table size: 4194304
		File name: ../../thesis-testing/dbtext-inflated-1gb/output_email
	Compression:
		Duration (us): 4040524
		Throughput (GB/s): 0.266
		Compressed size: 531390521
	Decompression:
		Duration (us): 2255612
		Throughput (GB/s): 0.476
		Ratio: 2.0206
	Compression phases:
		Table generation (GB/s, us): 1.735 (618947)
		Precomputation (GB/s, us): inf (0)
		Encoding (GB/s, us): 0.314 (3421095)
		Postprocessing (GB/s, us): inf (0)
avg_symbol_2len_start_char: 0.000000,0.000000,0.000000,0.000000,0.000000,0.000000,0.000000,0.000000,0.000000,0.000000,13.117188,0.000000,0.000000,0.000000,0.000000,0.000000,0.000000,0.000000,0.000000,0.000000,0.000000,0.000000,0.000000,0.000000,0.000000,0.000000,0.000000,0.000000,0.000000,0.000000,0.000000,0.000000,0.000000,0.000000,0.000000,0.000000,0.000000,0.000000,0.000000,0.097656,0.000000,1.000000,0.000000,0.000000,1.000000,0.000000,0.980469,0.000000,0.078125,0.796875,0.113281,0.000000,0.000000,0.000000,0.000000,0.000000,0.000000,0.000000,0.000000,0.000000,0.000000,0.000000,0.000000,0.000000,0.000000,0.113281,0.707031,2.460938,0.230469,0.000000,0.109375,0.144531,0.410156,0.460938,0.433594,0.121094,0.386719,1.527344,0.878906,0.000000,0.558594,0.000000,0.496094,1.234375,0.515625,0.066406,0.097656,0.367188,0.000000,0.000000,0.000000,0.000000,0.000000,0.000000,0.000000,13.937500,0.000000,11.527344,2.937500,5.253906,4.859375,10.121094,1.187500,2.640625,4.757812,11.605469,0.000000,3.066406,6.855469,4.167969,10.222656,11.535156,3.449219,0.007812,9.406250,7.410156,8.597656,7.140625,2.753906,1.167969,0.000000,2.121094,0.007812,0.000000,0.000000,0.000000,0.000000,0.000000,0.000000,0.000000,0.000000,0.000000,0.000000,0.000000,0.000000,0.000000,0.000000,0.000000,0.000000,0.000000,0.000000,0.000000,0.000000,0.000000,0.000000,0.000000,0.000000,0.000000,0.000000,0.000000,0.000000,0.000000,0.000000,0.000000,0.000000,0.000000,0.000000,0.000000,0.000000,0.000000,0.000000,0.000000,0.000000,0.000000,0.000000,0.000000,0.000000,0.000000,0.000000,0.000000,0.000000,0.000000,0.000000,0.000000,0.000000,0.000000,0.000000,0.000000,0.000000,0.000000,0.000000,0.000000,0.000000,0.000000,0.000000,0.000000,0.000000,0.000000,0.000000,0.000000,0.000000,0.000000,0.000000,0.000000,0.000000,0.125000,0.000000,0.000000,0.000000,0.000000,0.000000,0.000000,0.000000,0.000000,0.000000,0.000000,0.000000,0.000000,0.000000,0.000000,0.000000,0.000000,0.000000,0.000000,0.000000,0.000000,0.000000,0.000000,0.000000,0.000000,0.000000,0.000000,0.000000,0.000000,0.000000,0.000000,0.000000,0.000000,0.000000,0.000000,0.000000,0.000000,0.000000,0.000000,0.000000,0.000000,0.000000,0.000000,0.000000,0.000000,0.000000,0.000000,0.000000,0.000000,0.000000,0.000000,0.000000,0.000000,0.000000,0.000000,0.000000,0.000000,0.000000,0.000000,0.000000,
avg_symbol_len: 67.707031,175.367188,6.988281,1.925781,0.953125,0.035156,0.015625,0.007812,
avg_symbol_cnt: 253.000000
avg_hashtable_usage: 9.925781
avg_shortcodes_usage: 243.074219
max_2len_start_chars: 41
avg_2len_start_chars: 36.289062
max_2len_combinations: 19
avg_2len_combinations: 4.847224
0.258
Cycles (1) completed. Stats:
	Parameters:
		Block size: 4194304
		Input size: 1073741824
		Effective table size: 4194304
		File name: ../../thesis-testing/dbtext-inflated-1gb/output_yago
	Compression:
		Duration (us): 4847465
		Throughput (GB/s): 0.222
		Compressed size: 676856022
	Decompression:
		Duration (us): 2571939
		Throughput (GB/s): 0.417
		Ratio: 1.5864
	Compression phases:
		Table generation (GB/s, us): 1.560 (688399)
		Precomputation (GB/s, us): inf (0)
		Encoding (GB/s, us): 0.258 (4158626)
		Postprocessing (GB/s, us): inf (0)
avg_symbol_2len_start_char: 0.000000,0.000000,0.000000,0.000000,0.000000,0.000000,0.000000,0.000000,0.000000,0.000000,11.718750,0.000000,0.000000,0.000000,0.000000,0.000000,0.000000,0.000000,0.000000,0.000000,0.000000,0.000000,0.000000,0.000000,0.000000,0.000000,0.000000,0.000000,0.000000,0.000000,0.000000,0.000000,0.000000,0.000000,0.000000,0.000000,0.000000,0.000000,0.000000,0.089844,0.011719,1.000000,0.000000,0.000000,1.000000,0.000000,0.906250,0.050781,0.000000,1.199219,0.996094,0.000000,0.000000,0.000000,0.000000,0.000000,0.000000,0.000000,0.000000,0.000000,0.000000,0.000000,0.000000,0.000000,0.000000,0.519531,0.117188,1.523438,0.156250,0.000000,0.035156,0.042969,0.261719,0.472656,0.218750,0.007812,0.812500,0.851562,0.386719,0.000000,0.832031,0.000000,0.714844,0.515625,0.222656,0.136719,0.050781,0.410156,0.000000,0.000000,0.000000,0.000000,0.000000,0.000000,0.000000,15.964844,0.000000,10.546875,3.441406,6.097656,4.519531,10.398438,0.675781,3.398438,4.363281,10.992188,0.222656,2.207031,6.210938,5.082031,10.277344,10.152344,4.199219,0.050781,8.667969,8.851562,8.617188,7.062500,2.429688,1.085938,0.000000,2.046875,0.003906,0.000000,0.000000,0.000000,0.000000,0.000000,0.000000,0.000000,0.000000,0.000000,0.000000,0.000000,0.000000,0.000000,0.000000,0.000000,0.000000,0.000000,0.000000,0.000000,0.000000,0.000000,0.000000,0.000000,0.000000,0.000000,0.000000,0.000000,0.000000,0.000000,0.000000,0.000000,0.000000,0.000000,0.000000,0.000000,0.000000,0.000000,0.000000,0.000000,0.000000,0.000000,0.000000,0.000000,0.000000,0.000000,0.000000,0.000000,0.000000,0.000000,0.000000,0.000000,0.000000,0.000000,0.000000,0.000000,0.000000,0.000000,0.000000,0.000000,0.000000,0.000000,0.000000,0.000000,0.000000,0.000000,0.000000,0.000000,0.000000,0.000000,0.000000,0.000000,0.000000,0.000000,0.000000,0.000000,0.000000,0.000000,0.000000,0.000000,0.000000,0.000000,0.000000,0.000000,0.000000,0.000000,0.000000,0.000000,0.000000,0.000000,0.000000,0.000000,0.000000,0.000000,0.000000,0.000000,0.000000,0.000000,0.000000,0.000000,0.000000,0.000000,0.000000,0.000000,0.031250,0.000000,0.000000,0.000000,0.000000,0.000000,0.000000,0.000000,0.000000,0.000000,0.000000,0.000000,0.000000,0.000000,0.000000,0.000000,0.000000,0.000000,0.000000,0.000000,0.000000,0.000000,0.000000,0.000000,0.000000,0.000000,0.000000,0.000000,0.000000,
avg_symbol_len: 71.148438,172.859375,3.187500,2.363281,1.800781,0.609375,0.335938,0.695312,
avg_symbol_cnt: 253.000000
avg_hashtable_usage: 8.992188
avg_shortcodes_usage: 244.007812
max_2len_start_chars: 41
avg_2len_start_chars: 35.828125
max_2len_combinations: 24
avg_2len_combinations: 4.839882
0.246
Cycles (1) completed. Stats:
	Parameters:
		Block size: 4194304
		Input size: 1073741824
		Effective table size: 4194304
		File name: ../../thesis-testing/dbtext-inflated-1gb/output_wiki
	Compression:
		Duration (us): 5054606
		Throughput (GB/s): 0.212
		Compressed size: 674034501
	Decompression:
		Duration (us): 2590628
		Throughput (GB/s): 0.414
		Ratio: 1.5930
	Compression phases:
		Table generation (GB/s, us): 1.571 (683261)
		Precomputation (GB/s, us): inf (0)
		Encoding (GB/s, us): 0.246 (4370879)
		Postprocessing (GB/s, us): inf (0)
avg_symbol_2len_start_char: 0.000000,0.000000,0.000000,0.000000,0.000000,0.000000,0.000000,0.000000,0.000000,0.000000,0.062500,0.000000,0.000000,0.000000,0.000000,0.000000,0.000000,0.000000,0.000000,0.000000,0.000000,0.000000,0.000000,0.000000,0.000000,0.000000,0.000000,0.000000,0.000000,0.000000,0.000000,0.000000,0.000000,0.000000,0.000000,0.000000,0.000000,0.300781,0.023438,0.000000,0.000000,0.984375,0.000000,0.000000,0.210938,1.910156,5.632812,16.296875,1.859375,2.335938,1.226562,0.179688,0.058594,0.093750,0.062500,0.050781,0.078125,0.171875,0.312500,0.000000,0.000000,0.199219,0.000000,0.007812,0.000000,0.093750,0.015625,0.132812,0.015625,0.011719,0.003906,0.007812,0.011719,0.007812,0.003906,0.000000,0.023438,0.207031,0.011719,0.000000,0.062500,0.000000,0.019531,0.011719,0.019531,0.000000,0.000000,0.000000,0.000000,0.000000,0.000000,0.000000,0.000000,0.000000,0.000000,3.769531,0.000000,9.679688,4.417969,5.562500,4.722656,11.742188,2.894531,3.972656,4.378906,9.468750,0.027344,2.058594,6.503906,4.433594,10.265625,8.343750,4.953125,0.058594,7.632812,11.050781,9.800781,5.863281,2.414062,3.308594,0.035156,1.250000,0.011719,0.000000,0.000000,0.000000,0.000000,0.000000,0.000000,0.000000,0.000000,0.000000,0.000000,0.000000,0.000000,0.000000,0.000000,0.000000,0.000000,0.000000,0.000000,0.000000,0.000000,0.000000,0.000000,0.000000,0.000000,0.000000,0.000000,0.000000,0.000000,0.000000,0.000000,0.000000,0.000000,0.000000,0.000000,0.000000,0.000000,0.000000,0.000000,0.000000,0.000000,0.000000,0.000000,0.000000,0.000000,0.000000,0.000000,0.000000,0.000000,0.000000,0.000000,0.000000,0.000000,0.000000,0.000000,0.000000,0.000000,0.000000,0.000000,0.000000,0.000000,0.000000,0.000000,0.000000,0.000000,0.000000,0.000000,0.000000,0.000000,0.000000,0.000000,0.000000,0.000000,0.000000,0.000000,0.000000,0.000000,0.000000,0.000000,0.000000,0.000000,0.000000,0.000000,0.000000,0.000000,0.000000,0.000000,0.000000,0.000000,0.000000,0.000000,0.000000,0.000000,0.000000,0.000000,0.000000,0.000000,0.000000,0.000000,0.000000,0.000000,0.000000,0.000000,0.000000,0.000000,0.000000,0.000000,0.000000,0.000000,0.000000,0.000000,0.000000,0.000000,0.000000,0.000000,0.000000,0.000000,0.000000,0.000000,0.000000,0.000000,0.000000,0.000000,0.000000,0.000000,0.000000,0.000000,0.000000,0.000000,0.000000,0.000000,0.000000,0.000000,
avg_symbol_len: 74.355469,171.339844,0.132812,1.593750,0.464844,1.250000,0.937500,2.925781,
avg_symbol_cnt: 253.000000
avg_hashtable_usage: 7.304688
avg_shortcodes_usage: 245.695312
max_2len_start_chars: 38
avg_2len_start_chars: 32.109375
max_2len_combinations: 21
avg_2len_combinations: 5.350750
0.304
Cycles (1) completed. Stats:
	Parameters:
		Block size: 4194304
		Input size: 1073741824
		Effective table size: 4194304
		File name: ../../thesis-testing/dbtext-inflated-1gb/output_urls2
	Compression:
		Duration (us): 4069163
		Throughput (GB/s): 0.264
		Compressed size: 565443044
	Decompression:
		Duration (us): 2118799
		Throughput (GB/s): 0.507
		Ratio: 1.8989
	Compression phases:
		Table generation (GB/s, us): 1.980 (542391)
		Precomputation (GB/s, us): inf (0)
		Encoding (GB/s, us): 0.304 (3526377)
		Postprocessing (GB/s, us): inf (0)
avg_symbol_2len_start_char: 0.000000,0.000000,0.000000,0.000000,0.000000,0.000000,0.000000,0.000000,0.000000,0.000000,0.000000,0.000000,0.000000,0.000000,0.000000,0.000000,0.000000,0.000000,0.000000,0.000000,0.000000,0.000000,0.000000,0.000000,0.000000,0.000000,0.000000,0.000000,0.000000,0.000000,0.000000,0.000000,0.000000,0.000000,0.000000,0.000000,0.000000,0.121094,0.000000,0.000000,0.000000,0.000000,0.000000,0.000000,0.000000,3.507812,5.187500,11.089844,11.218750,9.914062,6.066406,4.023438,3.714844,3.593750,3.015625,2.832031,3.656250,3.304688,4.031250,0.000000,0.000000,0.000000,0.000000,0.000000,0.000000,0.367188,0.011719,0.074219,0.003906,0.000000,0.031250,0.179688,0.000000,0.000000,0.000000,0.000000,0.031250,0.343750,0.003906,0.093750,0.085938,0.000000,0.011719,0.300781,3.667969,0.000000,0.136719,0.039062,0.000000,0.000000,0.000000,0.000000,0.000000,0.000000,0.000000,0.371094,0.000000,8.160156,0.218750,7.332031,5.585938,8.929688,0.906250,4.226562,0.898438,6.335938,0.011719,0.328125,5.152344,3.632812,8.988281,5.832031,1.660156,0.902344,5.398438,6.058594,6.640625,3.421875,2.890625,2.042969,0.128906,0.437500,0.011719,0.000000,0.000000,0.000000,0.000000,0.000000,0.000000,0.000000,0.000000,0.000000,0.000000,0.000000,0.000000,0.000000,0.000000,0.000000,0.000000,0.000000,0.000000,0.000000,0.000000,0.000000,0.000000,0.000000,0.000000,0.000000,0.000000,0.000000,0.000000,0.000000,0.000000,0.000000,0.000000,0.000000,0.000000,0.000000,0.000000,0.000000,0.000000,0.000000,0.000000,0.000000,0.000000,0.000000,0.000000,0.000000,0.000000,0.000000,0.000000,0.000000,0.000000,0.000000,0.000000,0.000000,0.000000,0.000000,0.000000,0.000000,0.000000,0.000000,0.000000,0.000000,0.000000,0.000000,0.000000,0.000000,0.000000,0.000000,0.000000,0.000000,0.000000,0.000000,0.000000,0.000000,0.000000,0.000000,0.000000,0.000000,0.000000,0.000000,0.000000,0.000000,0.000000,0.000000,0.000000,0.000000,0.000000,0.000000,0.000000,0.000000,0.000000,0.000000,0.000000,0.000000,0.000000,0.000000,0.000000,0.000000,0.000000,0.000000,0.000000,0.000000,0.179688,0.035156,0.003906,0.000000,0.000000,0.000000,0.000000,0.000000,0.000000,0.000000,0.000000,0.000000,0.000000,0.000000,0.000000,0.000000,0.000000,0.000000,0.000000,0.000000,0.000000,0.000000,0.000000,0.000000,0.000000,0.000000,0.000000,0.000000,0.000000,0.000000,0.000000,
avg_symbol_len: 68.011719,177.382812,0.101562,2.550781,0.058594,0.941406,1.117188,2.835938,
avg_symbol_cnt: 253.000000
avg_hashtable_usage: 7.605469
avg_shortcodes_usage: 245.394531
max_2len_start_chars: 42
avg_2len_start_chars: 37.484375
max_2len_combinations: 15
avg_2len_combinations: 4.742682
0.359
Cycles (1) completed. Stats:
	Parameters:
		Block size: 4194304
		Input size: 1073741824
		Effective table size: 4194304
		File name: ../../thesis-testing/dbtext-inflated-1gb/output_urls
	Compression:
		Duration (us): 3393456
		Throughput (GB/s): 0.316
		Compressed size: 531231330
	Decompression:
		Duration (us): 1636489
		Throughput (GB/s): 0.656
		Ratio: 2.0212
	Compression phases:
		Table generation (GB/s, us): 2.665 (402928)
		Precomputation (GB/s, us): inf (0)
		Encoding (GB/s, us): 0.359 (2990130)
		Postprocessing (GB/s, us): inf (0)
avg_symbol_2len_start_char: 0.000000,0.000000,0.000000,0.000000,0.000000,0.000000,0.000000,0.000000,0.000000,0.000000,0.000000,0.000000,0.000000,0.000000,0.000000,0.000000,0.000000,0.000000,0.000000,0.000000,0.000000,0.000000,0.000000,0.000000,0.000000,0.000000,0.000000,0.000000,0.000000,0.000000,0.000000,0.000000,0.000000,0.000000,0.000000,0.000000,0.000000,0.000000,0.000000,0.000000,0.000000,0.000000,0.000000,0.000000,0.000000,15.417969,0.000000,0.000000,9.675781,10.863281,9.210938,13.609375,9.667969,11.609375,10.273438,13.777344,10.855469,16.050781,0.000000,0.000000,0.000000,0.000000,0.000000,0.000000,0.000000,0.000000,0.000000,0.000000,0.000000,0.000000,0.000000,0.000000,0.000000,0.000000,0.000000,0.000000,0.000000,0.000000,0.000000,0.000000,0.000000,0.000000,0.000000,0.000000,0.000000,0.000000,0.000000,0.000000,0.000000,0.000000,0.000000,0.000000,0.000000,0.000000,0.000000,0.000000,0.000000,17.175781,16.621094,15.933594,16.777344,12.441406,14.035156,0.000000,0.000000,0.000000,0.000000,0.000000,0.000000,0.000000,0.000000,0.000000,0.000000,0.000000,0.000000,0.000000,0.000000,0.000000,0.000000,0.000000,0.000000,0.000000,0.000000,0.000000,0.000000,0.000000,0.000000,0.000000,0.000000,0.000000,0.000000,0.000000,0.000000,0.000000,0.000000,0.000000,0.000000,0.000000,0.000000,0.000000,0.000000,0.000000,0.000000,0.000000,0.000000,0.000000,0.000000,0.000000,0.000000,0.000000,0.000000,0.000000,0.000000,0.000000,0.000000,0.000000,0.000000,0.000000,0.000000,0.000000,0.000000,0.000000,0.000000,0.000000,0.000000,0.000000,0.000000,0.000000,0.000000,0.000000,0.000000,0.000000,0.000000,0.000000,0.000000,0.000000,0.000000,0.000000,0.000000,0.000000,0.000000,0.000000,0.000000,0.000000,0.000000,0.000000,0.000000,0.000000,0.000000,0.000000,0.000000,0.000000,0.000000,0.000000,0.000000,0.000000,0.000000,0.000000,0.000000,0.000000,0.000000,0.000000,0.000000,0.000000,0.000000,0.000000,0.000000,0.000000,0.000000,0.000000,0.000000,0.000000,0.000000,0.000000,0.000000,0.000000,0.000000,0.000000,0.000000,0.000000,0.000000,0.000000,0.000000,0.000000,0.000000,0.000000,0.000000,0.000000,0.000000,0.000000,0.000000,0.000000,0.000000,0.000000,0.000000,0.000000,0.000000,0.000000,0.000000,0.000000,0.000000,0.000000,0.000000,0.000000,0.000000,0.000000,0.000000,0.000000,0.000000,0.000000,0.000000,0.000000,0.000000,0.000000,0.000000,
avg_symbol_len: 19.000000,223.996094,5.023438,0.000000,0.000000,1.796875,0.761719,2.054688,
avg_symbol_cnt: 252.632812
avg_hashtable_usage: 9.636719
avg_shortcodes_usage: 242.996094
max_2len_start_chars: 17
avg_2len_start_chars: 17.000000
max_2len_combinations: 18
avg_2len_combinations: 13.176269
0.408
Cycles (1) completed. Stats:
	Parameters:
		Block size: 4194304
		Input size: 1073741824
		Effective table size: 4194304
		File name: ../../thesis-testing/dbtext-inflated-1gb/output_uuid
	Compression:
		Duration (us): 3202729
		Throughput (GB/s): 0.335
		Compressed size: 462876619
	Decompression:
		Duration (us): 1471480
		Throughput (GB/s): 0.730
		Ratio: 2.3197
	Compression phases:
		Table generation (GB/s, us): 1.892 (567618)
		Precomputation (GB/s, us): inf (0)
		Encoding (GB/s, us): 0.408 (2634663)
		Postprocessing (GB/s, us): inf (0)
avg_symbol_2len_start_char: 0.000000,0.000000,0.000000,0.000000,0.000000,0.000000,0.000000,0.000000,0.000000,0.000000,15.000000,0.000000,0.000000,0.000000,0.000000,0.000000,0.000000,0.000000,0.000000,0.000000,0.000000,0.000000,0.000000,0.000000,0.000000,0.000000,0.000000,0.000000,0.000000,0.000000,0.000000,0.000000,0.000000,0.000000,0.000000,0.000000,0.000000,0.000000,0.000000,0.000000,0.000000,0.000000,0.000000,0.000000,0.000000,0.000000,0.000000,0.000000,8.390625,13.796875,13.937500,13.914062,13.980469,13.996094,13.953125,14.167969,13.839844,14.203125,0.000000,0.000000,0.000000,0.000000,0.000000,0.000000,0.000000,14.367188,14.410156,14.039062,14.335938,14.113281,14.550781,0.000000,0.000000,0.000000,0.000000,0.000000,0.000000,0.000000,0.000000,0.000000,0.000000,0.000000,0.000000,0.000000,0.000000,0.000000,0.000000,0.000000,0.000000,0.000000,0.000000,0.000000,0.000000,0.000000,0.000000,0.000000,0.000000,0.000000,0.000000,0.000000,0.000000,0.000000,0.000000,0.000000,0.000000,0.000000,0.000000,0.000000,0.000000,0.000000,0.000000,0.000000,0.000000,0.000000,0.000000,0.000000,0.000000,0.000000,0.000000,0.000000,0.000000,0.000000,0.000000,0.000000,0.000000,0.000000,0.000000,0.000000,0.000000,0.000000,0.000000,0.000000,0.000000,0.000000,0.000000,0.000000,0.000000,0.000000,0.000000,0.000000,0.000000,0.000000,0.000000,0.000000,0.000000,0.000000,0.000000,0.000000,0.000000,0.000000,0.000000,0.000000,0.000000,0.000000,0.000000,0.000000,0.000000,0.000000,0.000000,0.000000,0.000000,0.000000,0.000000,0.000000,0.000000,0.000000,0.000000,0.000000,0.000000,0.000000,0.000000,0.000000,0.000000,0.000000,0.000000,0.000000,0.000000,0.000000,0.000000,0.000000,0.000000,0.000000,0.000000,0.000000,0.000000,0.000000,0.000000,0.000000,0.000000,0.000000,0.000000,0.000000,0.000000,0.000000,0.000000,0.000000,0.000000,0.000000,0.000000,0.000000,0.000000,0.000000,0.000000,0.000000,0.000000,0.000000,0.000000,0.000000,0.000000,0.000000,0.000000,0.000000,0.000000,0.000000,0.000000,0.000000,0.000000,0.000000,0.000000,0.000000,0.000000,0.000000,0.000000,0.000000,0.000000,0.000000,0.000000,0.000000,0.000000,0.000000,0.000000,0.000000,0.000000,0.000000,0.000000,0.000000,0.000000,0.000000,0.000000,0.000000,0.000000,0.000000,0.000000,0.000000,0.000000,0.000000,0.000000,0.000000,0.000000,0.000000,0.000000,0.000000,0.000000,0.000000,0.000000,
avg_symbol_len: 18.000000,234.996094,0.003906,0.000000,0.000000,0.000000,0.000000,0.000000,
avg_symbol_cnt: 253.000000
avg_hashtable_usage: 0.003906
avg_shortcodes_usage: 252.996094
max_2len_start_chars: 17
avg_2len_start_chars: 17.000000
max_2len_combinations: 17
avg_2len_combinations: 13.823271
0.362
Cycles (1) completed. Stats:
	Parameters:
		Block size: 4194304
		Input size: 1073741824
		Effective table size: 4194304
		File name: ../../thesis-testing/dbtext-inflated-1gb/output_hex
	Compression:
		Duration (us): 3752498
		Throughput (GB/s): 0.286
		Compressed size: 582521524
	Decompression:
		Duration (us): 1510978
		Throughput (GB/s): 0.711
		Ratio: 1.8433
	Compression phases:
		Table generation (GB/s, us): 1.365 (786824)
		Precomputation (GB/s, us): inf (0)
		Encoding (GB/s, us): 0.362 (2965274)
		Postprocessing (GB/s, us): inf (0)
