TPC-H
customer:
 - Compression ratio: 1.9778,3.6869,3.7207,3.7902,3.7758,3.8040,3.8347,3.8546,3.8600,3.8377,3.8432,3.8608,3.8689,3.8761,3.8534,3.7980,3.5597,3.5597
 - Saturation: 175 (117 enough)

lineitem:
 - Compression ratio: 1.9594,2.1061,2.1763,2.3020,2.5450,2.6183,2.6692,2.7129,2.7452,2.7818,2.8017,2.8125,2.8169,2.8206,2.8181,2.8136,2.8133,2.8133
 - Saturation: 132 (119 enough)

overall
 - Compression ratio: 1.9686,2.8965,2.9485,3.0461,3.1604,3.2112,3.2519,3.2838,3.3026,3.3098,3.3225,3.3367,3.3429,3.3484,3.3358,3.3058,3.1865,3.1865
 - Saturation: 154 (118 enough)


GDelt
 - Compression ratio: 1.8135,1.9412,1.9835,2.0477,2.1486,2.1785,2.2048,2.2339,2.2631,2.2874,2.3131,2.3329,2.3396,2.3447,2.3462,2.3464,2.3464,2.3464
 - Saturation: 111 (94 enough)



DBText

output_email
 - Compression ratio: 1.7148,2.0206,2.0584,2.0779,2.0745,2.0691,2.0633,2.0523,2.0490,2.0490,2.0490,2.0490,2.0490,2.0490,2.0490,2.0490,2.0490,2.0490
 - Saturation: 68 (21 enough)

output_yago
 - Compression ratio: 1.5816,1.5864,1.5857,1.5825,1.5739,1.5738,1.5738,1.5738,1.5738,1.5738,1.5738,1.5738,1.5738,1.5738,1.5738,1.5738,1.5738,1.5738
 - Saturation: 39 (0 enough)

output_wiki
 - Compression ratio: 1.5685,1.5930,1.5980,1.6016,1.5978,1.5961,1.5961,1.5961,1.5961,1.5961,1.5961,1.5961,1.5961,1.5961,1.5961,1.5961,1.5961,1.5961
 - Saturation: 47 (22 enough)

output_urls2
 - Compression ratio: 1.6154,1.8989,1.9775,2.0704,2.0902,2.0861,2.0793,2.0741,2.0736,2.0736,2.0736,2.0736,2.0736,2.0736,2.0736,2.0736,2.0736,2.0736
 - Saturation: 68 (44 enough)

output_urls
 - Compression ratio: 1.7052,2.0212,2.1034,2.2482,2.3262,2.3391,2.3614,2.3877,2.3995,2.4214,2.4426,2.4513,2.4513,2.4513,2.4513,2.4513,2.4513,2.4513
 - Saturation: 91 (90 enough)

output_uuid
 - Compression ratio: 1.8722,2.3197,2.3021,2.3904,2.3923,2.3918,2.3918,2.3918,2.3918,2.3918,2.3918,2.3918,2.3918,2.3918,2.3918,2.3918,2.3918,2.3918
 - Saturation: 35 (24 enough)

output_hex
 - Compression ratio: 1.8433,1.8433,1.8433,1.8433,1.8433,1.8433,1.8433,1.8433,1.8433,1.8433,1.8433,1.8433,1.8433,1.8433,1.8433,1.8433,1.8433,1.8433
 - Saturation: 0 (0 enough)

overall
 - Compression ratio: 1.7001,1.8975,1.9240,1.9734,1.9854,1.9856,1.9876,1.9884,1.9895,1.9927,1.9957,1.9969,1.9969,1.9969,1.9969,1.9969,1.9969,1.9969
 - Saturation: 50 (28 enough)