avg_symbol_2len_start_char: 0.000000,0.000000,0.000000,0.000000,0.000000,0.000000,0.000000,0.000000,0.000000,0.000000,11.758474,0.000000,0.000000,0.000000,0.000000,0.000000,0.000000,0.000000,0.000000,0.000000,0.000000,0.000000,0.000000,0.000000,0.000000,0.000000,0.000000,0.000000,0.000000,0.000000,0.000000,0.000000,11.555085,0.000000,0.000000,0.000000,0.000000,0.000000,0.000000,0.000000,0.000000,0.000000,0.000000,0.000000,1.000000,0.000000,1.063559,0.000000,0.000000,0.000000,0.000000,0.000000,0.000000,0.000000,0.000000,0.000000,0.000000,0.000000,0.000000,0.004237,0.000000,0.000000,0.000000,0.000000,0.000000,0.000000,0.000000,0.000000,0.000000,0.000000,0.000000,0.000000,0.000000,0.000000,0.000000,0.000000,0.000000,0.000000,0.000000,0.000000,0.000000,0.000000,0.000000,0.000000,0.000000,0.000000,0.000000,0.000000,0.000000,0.000000,0.000000,0.000000,0.000000,0.000000,0.000000,0.000000,0.000000,6.707627,1.533898,5.525424,2.461864,5.529661,3.355932,1.546610,1.165254,5.084746,0.025424,0.597458,6.288136,0.368644,3.716102,4.826271,3.190678,0.724576,5.838983,4.470339,4.432203,4.233051,0.978814,0.694915,0.296610,2.360169,0.000000,0.000000,0.000000,0.000000,0.000000,0.000000,0.000000,0.000000,0.000000,0.000000,0.000000,0.000000,0.000000,0.000000,0.000000,0.000000,0.000000,0.000000,0.000000,0.000000,0.000000,0.000000,0.000000,0.000000,0.000000,0.000000,0.000000,0.000000,0.000000,0.000000,0.000000,0.000000,0.000000,0.000000,0.000000,0.000000,0.000000,0.000000,0.000000,0.000000,0.000000,0.000000,0.000000,0.000000,0.000000,0.000000,0.000000,0.000000,0.000000,0.000000,0.000000,0.000000,0.000000,0.000000,0.000000,0.000000,0.000000,0.000000,0.000000,0.000000,0.000000,0.000000,0.000000,0.000000,0.000000,0.000000,0.000000,0.000000,0.000000,0.000000,0.000000,0.000000,0.000000,0.000000,0.000000,0.000000,0.000000,0.000000,0.000000,0.000000,0.000000,0.000000,0.000000,0.000000,0.000000,0.000000,0.000000,0.000000,0.000000,0.000000,0.000000,0.000000,0.000000,0.000000,0.000000,0.000000,0.000000,0.000000,0.000000,0.000000,0.000000,0.000000,0.000000,0.000000,0.000000,0.000000,0.000000,0.000000,0.000000,0.000000,0.000000,0.000000,0.000000,0.000000,0.000000,0.000000,0.000000,0.000000,0.000000,0.000000,0.000000,0.000000,0.000000,0.000000,0.000000,0.000000,0.000000,0.000000,0.000000,0.000000,0.000000,0.000000,0.000000,
avg_symbol_len: 36.728813,101.334747,20.275423,14.080508,15.707627,17.313559,12.762712,31.114407,
avg_symbol_cnt: 249.317795
avg_hashtable_usage: 111.254234
avg_shortcodes_usage: 138.063553
max_2len_start_chars: 28
avg_2len_start_chars: 25.220339
max_2len_combinations: 16
avg_2len_combinations: 4.027380
0.377
Cycles (1) completed. Stats:
	Parameters:
		Block size: 4194304
		Input size: 989855744
		Effective table size: 4194304
		File name: ../../thesis-testing/lineitem-1gb/lineitem-comments-1gb-1.txt
	Compression:
		Duration (us): 2955966
		Throughput (GB/s): 0.335
		Compressed size: 351944686
	Decompression:
		Duration (us): 2092657
		Throughput (GB/s): 0.473
		Ratio: 2.8125
	Compression phases:
		Table generation (GB/s, us): 3.031 (326555)
		Precomputation (GB/s, us): inf (0)
		Encoding (GB/s, us): 0.377 (2629058)
		Postprocessing (GB/s, us): inf (0)
avg_symbol_2len_start_char: 0.000000,0.000000,0.000000,0.000000,0.000000,0.000000,0.000000,0.000000,0.000000,0.000000,1.783186,0.000000,0.000000,0.000000,0.000000,0.000000,0.000000,0.000000,0.000000,0.000000,0.000000,0.000000,0.000000,0.000000,0.000000,0.000000,0.000000,0.000000,0.000000,0.000000,0.000000,0.000000,0.000000,0.000000,0.000000,0.106195,0.000000,0.000000,0.000000,0.000000,0.000000,0.000000,0.000000,0.000000,0.000000,0.000000,0.000000,0.000000,8.500000,7.924779,7.659292,7.924779,7.393806,7.703540,7.575221,8.243362,7.730089,8.491151,0.000000,0.000000,0.000000,0.000000,0.000000,0.000000,0.000000,0.000000,0.000000,0.061947,0.000000,0.000000,0.000000,0.000000,0.000000,0.000000,0.000000,0.000000,0.000000,0.000000,0.000000,0.000000,0.000000,0.000000,0.000000,0.000000,0.000000,0.000000,0.000000,0.000000,0.000000,0.000000,0.000000,0.000000,0.000000,0.000000,0.000000,0.000000,0.000000,0.000000,0.000000,0.000000,0.000000,0.292035,0.000000,0.000000,0.000000,0.000000,0.000000,0.000000,0.000000,1.477876,0.000000,0.057522,0.000000,0.000000,1.597345,0.216814,1.668142,1.588496,0.000000,0.000000,0.000000,0.000000,0.000000,0.000000,0.000000,0.000000,0.000000,0.000000,0.000000,0.000000,0.000000,0.000000,0.000000,0.000000,0.000000,0.000000,0.000000,0.000000,0.000000,0.000000,0.000000,0.000000,0.000000,0.000000,0.000000,0.000000,0.000000,0.000000,0.000000,0.000000,0.000000,0.000000,0.000000,0.000000,0.000000,0.000000,0.000000,0.000000,0.000000,0.000000,0.000000,0.000000,0.000000,0.000000,0.000000,0.000000,0.000000,0.000000,0.000000,0.000000,0.000000,0.000000,0.000000,0.000000,0.000000,0.000000,0.000000,0.000000,0.000000,0.000000,0.000000,0.000000,0.000000,0.000000,0.000000,0.000000,0.000000,0.000000,0.000000,0.000000,0.000000,0.000000,0.000000,0.000000,0.000000,0.000000,0.000000,0.000000,0.000000,0.000000,0.000000,0.000000,0.000000,0.000000,0.000000,0.000000,0.000000,0.000000,0.000000,0.000000,0.000000,0.000000,0.000000,0.000000,0.000000,0.000000,0.000000,0.000000,0.000000,0.000000,0.000000,0.000000,0.000000,0.000000,0.000000,0.000000,0.000000,0.000000,0.000000,0.000000,0.000000,0.000000,0.000000,0.000000,0.000000,0.000000,0.000000,0.000000,0.000000,0.000000,0.000000,0.000000,0.000000,0.000000,0.000000,0.000000,0.000000,0.000000,0.000000,0.000000,0.000000,0.000000,0.000000,0.000000,0.000000,
avg_symbol_len: 20.721239,87.995575,21.283186,15.092920,13.309734,26.358408,1.057522,39.597343,
avg_symbol_cnt: 225.415924
avg_hashtable_usage: 116.699112
avg_shortcodes_usage: 108.716812
max_2len_start_chars: 19
avg_2len_start_chars: 15.212389
max_2len_combinations: 12
avg_2len_combinations: 5.811573
0.724
Cycles (1) completed. Stats:
	Parameters:
		Block size: 4194304
		Input size: 947912704
		Effective table size: 4194304
		File name: ../../thesis-testing/customer-1gb/customer-id-1gb-1.txt
	Compression:
		Duration (us): 1532120
		Throughput (GB/s): 0.619
		Compressed size: 245521560
	Decompression:
		Duration (us): 743184
		Throughput (GB/s): 1.275
		Ratio: 3.8608
	Compression phases:
		Table generation (GB/s, us): 4.243 (223408)
		Precomputation (GB/s, us): inf (0)
		Encoding (GB/s, us): 0.724 (1308382)
		Postprocessing (GB/s, us): inf (0)

avg_symbol_2len_start_char: 0.000000,0.000000,0.000000,0.000000,0.000000,0.000000,0.000000,0.000000,0.000000,0.000000,4.964844,0.000000,0.000000,0.000000,0.000000,0.000000,0.000000,0.000000,0.000000,0.000000,0.000000,0.000000,0.000000,0.000000,0.000000,0.000000,0.000000,0.000000,0.000000,0.000000,0.000000,0.000000,2.792969,0.000000,0.000000,0.000000,0.000000,0.000000,0.000000,0.039062,0.000000,0.035156,0.000000,0.000000,1.000000,0.031250,0.000000,0.000000,0.000000,0.000000,0.000000,0.000000,0.000000,0.000000,0.000000,0.000000,0.000000,0.000000,0.000000,0.000000,0.000000,0.000000,0.000000,0.000000,0.000000,0.625000,1.292969,1.519531,0.097656,0.179688,0.156250,0.750000,0.000000,0.632812,0.703125,0.730469,0.699219,1.218750,0.562500,0.003906,0.296875,0.148438,0.113281,0.718750,1.007812,0.066406,0.000000,0.417969,0.000000,0.039062,0.070312,0.000000,0.000000,0.000000,0.000000,0.000000,0.000000,7.171875,0.878906,1.960938,2.500000,5.992188,0.070312,1.261719,2.328125,4.339844,0.667969,1.347656,3.160156,1.230469,3.246094,5.378906,0.449219,0.054688,3.394531,2.113281,3.187500,2.511719,0.328125,0.890625,0.015625,1.773438,0.183594,0.000000,0.000000,0.000000,0.000000,0.000000,0.000000,0.000000,0.000000,0.000000,0.000000,0.000000,0.000000,0.000000,0.000000,0.000000,0.000000,0.000000,0.000000,0.000000,0.000000,0.000000,0.000000,0.000000,0.000000,0.000000,0.000000,0.000000,0.000000,0.000000,0.000000,0.000000,0.000000,0.000000,0.000000,0.000000,0.000000,0.000000,0.000000,0.000000,0.000000,0.000000,0.000000,0.000000,0.000000,0.000000,0.000000,0.000000,0.000000,0.000000,0.000000,0.000000,0.000000,0.000000,0.000000,0.000000,0.000000,0.000000,0.000000,0.000000,0.000000,0.000000,0.000000,0.000000,0.000000,0.000000,0.000000,0.000000,0.000000,0.000000,0.000000,0.000000,0.000000,0.000000,0.000000,0.000000,0.000000,0.000000,0.000000,0.000000,0.000000,0.000000,0.000000,0.000000,0.000000,0.000000,0.000000,0.000000,0.000000,0.000000,0.000000,0.000000,0.000000,0.000000,0.000000,0.000000,0.000000,0.000000,0.000000,0.000000,0.000000,0.000000,0.000000,0.000000,0.000000,0.000000,0.000000,0.000000,0.000000,0.000000,0.000000,0.000000,0.000000,0.000000,0.000000,0.000000,0.000000,0.000000,0.000000,0.000000,0.000000,0.000000,0.000000,0.000000,0.000000,0.000000,0.000000,0.000000,0.000000,0.000000,0.000000,0.000000,0.000000,
avg_symbol_len: 63.007812,77.351562,19.617188,11.988281,13.281250,12.925781,9.640625,26.515625,
avg_symbol_cnt: 234.328125
avg_hashtable_usage: 93.968750
avg_shortcodes_usage: 140.359375
max_2len_start_chars: 38
avg_2len_start_chars: 32.027344
max_2len_combinations: 13
avg_2len_combinations: 2.426652
0.481
Cycles (1) completed. Stats:
	Parameters:
		Block size: 4194304
		Input size: 1073741824
		Effective table size: 4194304
		File name: ../../thesis-testing/gdelt-locations-inflated-1gb/output_locations.txt
	Compression:
		Duration (us): 2507692
		Throughput (GB/s): 0.428
		Compressed size: 460254810
	Decompression:
		Duration (us): 992162
		Throughput (GB/s): 1.082
		Ratio: 2.3329
	Compression phases:
		Table generation (GB/s, us): 3.880 (276722)
		Precomputation (GB/s, us): inf (0)
		Encoding (GB/s, us): 0.481 (2230604)
		Postprocessing (GB/s, us): inf (0)


avg_symbol_2len_start_char: 0.000000,0.000000,0.000000,0.000000,0.000000,0.000000,0.000000,0.000000,0.000000,0.000000,6.429688,0.000000,0.000000,0.000000,0.000000,0.000000,0.000000,0.000000,0.000000,0.000000,0.000000,0.000000,0.000000,0.000000,0.000000,0.000000,0.000000,0.000000,0.000000,0.000000,0.000000,0.000000,0.000000,0.000000,0.000000,0.000000,0.000000,0.000000,0.000000,0.000000,0.000000,0.000000,0.000000,0.000000,0.000000,0.000000,2.738281,0.000000,0.781250,2.093750,0.980469,0.421875,0.433594,0.433594,0.316406,0.410156,0.371094,0.382812,0.000000,0.000000,0.000000,0.000000,0.000000,0.000000,1.386719,0.000000,0.000000,0.000000,0.000000,0.000000,0.000000,0.000000,0.000000,0.000000,0.000000,0.000000,0.000000,0.000000,0.000000,0.000000,0.000000,0.000000,0.000000,0.000000,0.000000,0.000000,0.000000,0.000000,0.000000,0.000000,0.000000,0.000000,0.000000,0.000000,0.000000,0.023438,0.000000,7.828125,4.761719,4.906250,4.593750,7.031250,1.714844,4.050781,3.570312,7.332031,1.718750,3.605469,6.574219,6.382812,7.984375,6.023438,3.300781,0.003906,5.882812,7.718750,6.601562,5.039062,2.691406,1.968750,0.433594,1.992188,0.261719,0.000000,0.000000,0.000000,0.000000,0.000000,0.000000,0.000000,0.000000,0.000000,0.000000,0.000000,0.000000,0.000000,0.000000,0.000000,0.000000,0.000000,0.000000,0.000000,0.000000,0.000000,0.000000,0.000000,0.000000,0.000000,0.000000,0.000000,0.000000,0.000000,0.000000,0.000000,0.000000,0.000000,0.000000,0.000000,0.000000,0.000000,0.000000,0.000000,0.000000,0.000000,0.000000,0.000000,0.000000,0.000000,0.000000,0.000000,0.000000,0.000000,0.000000,0.000000,0.000000,0.000000,0.000000,0.000000,0.000000,0.000000,0.000000,0.000000,0.000000,0.000000,0.000000,0.000000,0.000000,0.000000,0.000000,0.000000,0.000000,0.000000,0.000000,0.000000,0.000000,0.000000,0.000000,0.000000,0.000000,0.000000,0.000000,0.000000,0.000000,0.000000,0.000000,0.000000,0.000000,0.000000,0.000000,0.000000,0.000000,0.000000,0.000000,0.000000,0.000000,0.000000,0.000000,0.000000,0.000000,0.000000,0.000000,0.000000,0.000000,0.000000,0.000000,0.000000,0.000000,0.000000,0.000000,0.000000,0.000000,0.000000,0.000000,0.000000,0.000000,0.000000,0.000000,0.000000,0.000000,0.000000,0.000000,0.000000,0.000000,0.000000,0.000000,0.000000,0.000000,0.000000,0.000000,0.000000,0.000000,0.000000,0.000000,0.000000,0.000000,
avg_symbol_len: 42.222656,131.175781,19.496094,4.871094,6.875000,9.253906,3.343750,24.187500,
avg_symbol_cnt: 241.425781
avg_hashtable_usage: 68.027344
avg_shortcodes_usage: 173.398438
max_2len_start_chars: 37
avg_2len_start_chars: 31.390625
max_2len_combinations: 13
avg_2len_combinations: 4.192842
0.309
Cycles (1) completed. Stats:
	Parameters:
		Block size: 4194304
		Input size: 1073741824
		Effective table size: 4194304
		File name: ../../thesis-testing/dbtext-inflated-1gb/output_email
	Compression:
		Duration (us): 4048989
		Throughput (GB/s): 0.265
		Compressed size: 524028621
	Decompression:
		Duration (us): 2541566
		Throughput (GB/s): 0.422
		Ratio: 2.0490
	Compression phases:
		Table generation (GB/s, us): 1.888 (568619)
		Precomputation (GB/s, us): inf (0)
		Encoding (GB/s, us): 0.309 (3479974)
		Postprocessing (GB/s, us): inf (0)
avg_symbol_2len_start_char: 0.000000,0.000000,0.000000,0.000000,0.000000,0.000000,0.000000,0.000000,0.000000,0.000000,10.273438,0.000000,0.000000,0.000000,0.000000,0.000000,0.000000,0.000000,0.000000,0.000000,0.000000,0.000000,0.000000,0.000000,0.000000,0.000000,0.000000,0.000000,0.000000,0.000000,0.000000,0.000000,0.000000,0.000000,0.000000,0.000000,0.000000,0.000000,0.000000,0.000000,0.000000,1.000000,0.000000,0.000000,1.000000,0.000000,0.957031,0.000000,0.011719,0.613281,0.003906,0.000000,0.000000,0.000000,0.000000,0.000000,0.000000,0.000000,0.000000,0.000000,0.000000,0.000000,0.000000,0.000000,0.000000,0.058594,0.425781,2.128906,0.253906,0.000000,0.046875,0.183594,0.433594,0.289062,0.296875,0.074219,0.496094,1.351562,0.492188,0.000000,0.394531,0.000000,0.441406,0.609375,0.191406,0.000000,0.039062,0.324219,0.000000,0.000000,0.000000,0.000000,0.000000,0.000000,0.000000,10.292969,0.000000,10.574219,1.460938,4.910156,4.660156,9.050781,0.371094,2.175781,4.375000,9.789062,0.000000,2.562500,6.148438,3.523438,9.097656,10.105469,2.601562,0.007812,6.859375,6.285156,7.566406,6.367188,2.488281,0.906250,0.000000,2.035156,0.003906,0.000000,0.000000,0.000000,0.000000,0.000000,0.000000,0.000000,0.000000,0.000000,0.000000,0.000000,0.000000,0.000000,0.000000,0.000000,0.000000,0.000000,0.000000,0.000000,0.000000,0.000000,0.000000,0.000000,0.000000,0.000000,0.000000,0.000000,0.000000,0.000000,0.000000,0.000000,0.000000,0.000000,0.000000,0.000000,0.000000,0.000000,0.000000,0.000000,0.000000,0.000000,0.000000,0.000000,0.000000,0.000000,0.000000,0.000000,0.000000,0.000000,0.000000,0.000000,0.000000,0.000000,0.000000,0.000000,0.000000,0.000000,0.000000,0.000000,0.000000,0.000000,0.000000,0.000000,0.000000,0.000000,0.000000,0.000000,0.000000,0.000000,0.000000,0.000000,0.000000,0.035156,0.000000,0.000000,0.000000,0.000000,0.000000,0.000000,0.000000,0.000000,0.000000,0.000000,0.000000,0.000000,0.000000,0.000000,0.000000,0.000000,0.000000,0.000000,0.000000,0.000000,0.000000,0.000000,0.000000,0.000000,0.000000,0.000000,0.000000,0.000000,0.000000,0.000000,0.000000,0.000000,0.000000,0.000000,0.000000,0.000000,0.000000,0.000000,0.000000,0.000000,0.000000,0.000000,0.000000,0.000000,0.000000,0.000000,0.000000,0.000000,0.000000,0.000000,0.000000,0.000000,0.000000,0.000000,0.000000,0.000000,0.000000,0.000000,0.000000,
avg_symbol_len: 67.316406,146.644531,30.515625,3.867188,2.558594,0.972656,0.816406,0.308594,
avg_symbol_cnt: 253.000000
avg_hashtable_usage: 39.039062
avg_shortcodes_usage: 213.960938
max_2len_start_chars: 38
avg_2len_start_chars: 33.144531
max_2len_combinations: 19
avg_2len_combinations: 4.437079
0.249
Cycles (1) completed. Stats:
	Parameters:
		Block size: 4194304
		Input size: 1073741824
		Effective table size: 4194304
		File name: ../../thesis-testing/dbtext-inflated-1gb/output_yago
	Compression:
		Duration (us): 5008998
		Throughput (GB/s): 0.214
		Compressed size: 682256807
	Decompression:
		Duration (us): 3019083
		Throughput (GB/s): 0.356
		Ratio: 1.5738
	Compression phases:
		Table generation (GB/s, us): 1.549 (693234)
		Precomputation (GB/s, us): inf (0)
		Encoding (GB/s, us): 0.249 (4315240)
		Postprocessing (GB/s, us): inf (0)
avg_symbol_2len_start_char: 0.000000,0.000000,0.000000,0.000000,0.000000,0.000000,0.000000,0.000000,0.000000,0.000000,8.308594,0.000000,0.000000,0.000000,0.000000,0.000000,0.000000,0.000000,0.000000,0.000000,0.000000,0.000000,0.000000,0.000000,0.000000,0.000000,0.000000,0.000000,0.000000,0.000000,0.000000,0.000000,0.000000,0.000000,0.000000,0.000000,0.000000,0.000000,0.000000,0.000000,0.000000,1.000000,0.000000,0.000000,1.000000,0.000000,0.617188,0.003906,0.031250,0.953125,0.437500,0.000000,0.000000,0.000000,0.000000,0.000000,0.000000,0.000000,0.000000,0.000000,0.000000,0.000000,0.000000,0.000000,0.000000,0.148438,0.140625,1.230469,0.167969,0.000000,0.011719,0.015625,0.214844,0.289062,0.062500,0.000000,0.765625,0.710938,0.148438,0.000000,0.269531,0.000000,0.890625,0.171875,0.054688,0.000000,0.007812,0.367188,0.000000,0.000000,0.000000,0.000000,0.000000,0.000000,0.000000,7.937500,0.000000,9.875000,1.855469,5.410156,4.105469,8.523438,0.292969,2.222656,3.910156,8.605469,0.000000,1.609375,5.847656,3.773438,8.449219,8.566406,2.894531,0.007812,6.015625,7.335938,7.289062,5.535156,2.210938,0.660156,0.000000,1.992188,0.000000,0.000000,0.000000,0.000000,0.000000,0.000000,0.000000,0.000000,0.000000,0.000000,0.000000,0.000000,0.000000,0.000000,0.000000,0.000000,0.000000,0.000000,0.000000,0.000000,0.000000,0.000000,0.000000,0.000000,0.000000,0.000000,0.000000,0.000000,0.000000,0.000000,0.000000,0.000000,0.000000,0.000000,0.000000,0.000000,0.000000,0.000000,0.000000,0.000000,0.000000,0.000000,0.000000,0.000000,0.000000,0.000000,0.000000,0.000000,0.000000,0.000000,0.000000,0.000000,0.000000,0.000000,0.000000,0.000000,0.000000,0.000000,0.000000,0.000000,0.000000,0.000000,0.000000,0.000000,0.000000,0.000000,0.000000,0.000000,0.000000,0.000000,0.000000,0.000000,0.000000,0.000000,0.000000,0.000000,0.000000,0.000000,0.000000,0.000000,0.000000,0.000000,0.000000,0.000000,0.000000,0.000000,0.000000,0.000000,0.000000,0.000000,0.000000,0.000000,0.000000,0.000000,0.000000,0.000000,0.000000,0.000000,0.000000,0.000000,0.000000,0.000000,0.000000,0.000000,0.000000,0.000000,0.000000,0.000000,0.000000,0.000000,0.000000,0.000000,0.000000,0.000000,0.000000,0.000000,0.000000,0.000000,0.000000,0.000000,0.000000,0.000000,0.000000,0.000000,0.000000,0.000000,0.000000,0.000000,0.000000,0.000000,0.000000,0.000000,0.000000,
avg_symbol_len: 72.835938,132.945312,27.250000,6.164062,6.078125,1.250000,2.089844,4.386719,
avg_symbol_cnt: 253.000000
avg_hashtable_usage: 47.218750
avg_shortcodes_usage: 205.781250
max_2len_start_chars: 37
avg_2len_start_chars: 31.644531
max_2len_combinations: 13
avg_2len_combinations: 4.215173
0.250
Cycles (1) completed. Stats:
	Parameters:
		Block size: 4194304
		Input size: 1073741824
		Effective table size: 4194304
		File name: ../../thesis-testing/dbtext-inflated-1gb/output_wiki
	Compression:
		Duration (us): 4960076
		Throughput (GB/s): 0.216
		Compressed size: 672735187
	Decompression:
		Duration (us): 2866825
		Throughput (GB/s): 0.375
		Ratio: 1.5961
	Compression phases:
		Table generation (GB/s, us): 1.598 (671790)
		Precomputation (GB/s, us): inf (0)
		Encoding (GB/s, us): 0.250 (4287728)
		Postprocessing (GB/s, us): inf (0)
avg_symbol_2len_start_char: 0.000000,0.000000,0.000000,0.000000,0.000000,0.000000,0.000000,0.000000,0.000000,0.000000,0.007812,0.000000,0.000000,0.000000,0.000000,0.000000,0.000000,0.000000,0.000000,0.000000,0.000000,0.000000,0.000000,0.000000,0.000000,0.000000,0.000000,0.000000,0.000000,0.000000,0.000000,0.000000,0.000000,0.000000,0.000000,0.000000,0.000000,0.066406,0.019531,0.000000,0.000000,0.000000,0.000000,0.000000,0.070312,0.929688,1.031250,4.367188,0.890625,1.699219,0.855469,0.031250,0.011719,0.015625,0.007812,0.015625,0.003906,0.023438,0.000000,0.000000,0.000000,0.031250,0.000000,0.000000,0.000000,0.054688,0.000000,0.199219,0.000000,0.003906,0.000000,0.003906,0.000000,0.000000,0.000000,0.000000,0.003906,0.207031,0.000000,0.000000,0.015625,0.000000,0.003906,0.007812,0.011719,0.000000,0.000000,0.000000,0.000000,0.000000,0.000000,0.000000,0.000000,0.000000,0.000000,2.742188,0.000000,8.406250,2.949219,5.167969,3.269531,7.960938,1.464844,2.718750,3.175781,7.832031,0.003906,0.605469,4.875000,2.941406,6.132812,6.269531,3.890625,0.015625,4.777344,8.750000,6.636719,4.625000,2.054688,0.609375,0.000000,0.613281,0.003906,0.000000,0.000000,0.000000,0.000000,0.000000,0.000000,0.000000,0.000000,0.000000,0.000000,0.000000,0.000000,0.000000,0.000000,0.000000,0.000000,0.000000,0.000000,0.000000,0.000000,0.000000,0.000000,0.000000,0.000000,0.000000,0.000000,0.000000,0.000000,0.000000,0.000000,0.000000,0.000000,0.000000,0.000000,0.000000,0.000000,0.000000,0.000000,0.000000,0.000000,0.000000,0.000000,0.000000,0.000000,0.000000,0.000000,0.000000,0.000000,0.000000,0.000000,0.000000,0.000000,0.000000,0.000000,0.000000,0.000000,0.000000,0.000000,0.000000,0.000000,0.000000,0.000000,0.000000,0.000000,0.000000,0.000000,0.000000,0.000000,0.000000,0.000000,0.000000,0.000000,0.000000,0.000000,0.000000,0.000000,0.000000,0.000000,0.000000,0.000000,0.000000,0.000000,0.000000,0.000000,0.000000,0.000000,0.000000,0.000000,0.000000,0.000000,0.000000,0.000000,0.000000,0.000000,0.000000,0.000000,0.000000,0.000000,0.000000,0.000000,0.000000,0.000000,0.000000,0.000000,0.000000,0.000000,0.000000,0.000000,0.000000,0.000000,0.000000,0.000000,0.000000,0.000000,0.000000,0.000000,0.000000,0.000000,0.000000,0.000000,0.000000,0.000000,0.000000,0.000000,0.000000,0.000000,0.000000,0.000000,0.000000,0.000000,0.000000,0.000000,
avg_symbol_len: 75.531250,109.082031,16.597656,6.601562,12.082031,3.730469,6.644531,22.433594,
avg_symbol_cnt: 252.703125
avg_hashtable_usage: 68.089844
avg_shortcodes_usage: 184.613281
max_2len_start_chars: 30
avg_2len_start_chars: 26.679688
max_2len_combinations: 12
avg_2len_combinations: 4.098840
0.335
Cycles (1) completed. Stats:
	Parameters:
		Block size: 4194304
		Input size: 1073741824
		Effective table size: 4194304
		File name: ../../thesis-testing/dbtext-inflated-1gb/output_urls2
	Compression:
		Duration (us): 3712112
		Throughput (GB/s): 0.289
		Compressed size: 517808976
	Decompression:
		Duration (us): 2133892
		Throughput (GB/s): 0.503
		Ratio: 2.0736
	Compression phases:
		Table generation (GB/s, us): 2.116 (507364)
		Precomputation (GB/s, us): inf (0)
		Encoding (GB/s, us): 0.335 (3204339)
		Postprocessing (GB/s, us): inf (0)
avg_symbol_2len_start_char: 0.000000,0.000000,0.000000,0.000000,0.000000,0.000000,0.000000,0.000000,0.000000,0.000000,0.000000,0.000000,0.000000,0.000000,0.000000,0.000000,0.000000,0.000000,0.000000,0.000000,0.000000,0.000000,0.000000,0.000000,0.000000,0.000000,0.000000,0.000000,0.000000,0.000000,0.000000,0.000000,0.000000,0.000000,0.000000,0.000000,0.000000,0.000000,0.000000,0.000000,0.000000,0.000000,0.000000,0.000000,0.000000,2.992188,1.097656,3.675781,4.226562,4.109375,4.375000,2.261719,1.773438,1.996094,1.074219,0.984375,0.890625,0.957031,5.722656,0.000000,0.000000,0.000000,0.000000,0.000000,0.000000,0.046875,0.000000,0.000000,0.000000,0.000000,0.003906,0.007812,0.000000,0.000000,0.000000,0.000000,0.000000,0.015625,0.000000,0.000000,0.007812,0.000000,0.000000,0.000000,2.824219,0.000000,0.000000,0.003906,0.000000,0.000000,0.000000,0.000000,0.000000,0.000000,0.000000,0.093750,0.000000,5.445312,0.003906,3.589844,0.949219,4.238281,0.000000,1.500000,0.765625,2.675781,0.003906,0.070312,3.695312,1.683594,2.175781,2.703125,0.320312,0.828125,2.757812,3.500000,1.937500,2.105469,1.082031,1.136719,0.000000,0.050781,0.000000,0.000000,0.000000,0.000000,0.000000,0.000000,0.000000,0.000000,0.000000,0.000000,0.000000,0.000000,0.000000,0.000000,0.000000,0.000000,0.000000,0.000000,0.000000,0.000000,0.000000,0.000000,0.000000,0.000000,0.000000,0.000000,0.000000,0.000000,0.000000,0.000000,0.000000,0.000000,0.000000,0.000000,0.000000,0.000000,0.000000,0.000000,0.000000,0.000000,0.000000,0.000000,0.000000,0.000000,0.000000,0.000000,0.000000,0.000000,0.000000,0.000000,0.000000,0.000000,0.000000,0.000000,0.000000,0.000000,0.000000,0.000000,0.000000,0.000000,0.000000,0.000000,0.000000,0.000000,0.000000,0.000000,0.000000,0.000000,0.000000,0.000000,0.000000,0.000000,0.000000,0.000000,0.000000,0.000000,0.000000,0.000000,0.000000,0.000000,0.000000,0.000000,0.000000,0.000000,0.000000,0.000000,0.000000,0.000000,0.000000,0.000000,0.000000,0.000000,0.000000,0.000000,0.000000,0.000000,0.000000,0.000000,0.000000,0.000000,0.000000,0.000000,0.058594,0.011719,0.000000,0.000000,0.000000,0.000000,0.000000,0.000000,0.000000,0.000000,0.000000,0.000000,0.000000,0.000000,0.000000,0.000000,0.000000,0.000000,0.000000,0.000000,0.000000,0.000000,0.000000,0.000000,0.000000,0.000000,0.000000,0.000000,0.000000,0.000000,0.000000,
avg_symbol_len: 79.941406,82.429688,18.667969,9.269531,20.750000,6.152344,6.746094,28.960938,
avg_symbol_cnt: 252.917969
avg_hashtable_usage: 90.546875
avg_shortcodes_usage: 162.371094
max_2len_start_chars: 34
avg_2len_start_chars: 30.464844
max_2len_combinations: 9
avg_2len_combinations: 2.710910
0.421
Cycles (1) completed. Stats:
	Parameters:
		Block size: 4194304
		Input size: 1073741824
		Effective table size: 4194304
		File name: ../../thesis-testing/dbtext-inflated-1gb/output_urls
	Compression:
		Duration (us): 2919939
		Throughput (GB/s): 0.368
		Compressed size: 438021702
	Decompression:
		Duration (us): 1549424
		Throughput (GB/s): 0.693
		Ratio: 2.4513
	Compression phases:
		Table generation (GB/s, us): 2.931 (366292)
		Precomputation (GB/s, us): inf (0)
		Encoding (GB/s, us): 0.421 (2553305)
		Postprocessing (GB/s, us): inf (0)
avg_symbol_2len_start_char: 0.000000,0.000000,0.000000,0.000000,0.000000,0.000000,0.000000,0.000000,0.000000,0.000000,0.000000,0.000000,0.000000,0.000000,0.000000,0.000000,0.000000,0.000000,0.000000,0.000000,0.000000,0.000000,0.000000,0.000000,0.000000,0.000000,0.000000,0.000000,0.000000,0.000000,0.000000,0.000000,0.000000,0.000000,0.000000,0.000000,0.000000,0.000000,0.000000,0.000000,0.000000,0.000000,0.000000,0.000000,0.000000,11.867188,0.000000,0.000000,8.300781,10.367188,7.574219,11.070312,9.660156,11.503906,8.722656,11.839844,8.386719,15.480469,0.000000,0.000000,0.000000,0.000000,0.000000,0.000000,0.000000,0.000000,0.000000,0.000000,0.000000,0.000000,0.000000,0.000000,0.000000,0.000000,0.000000,0.000000,0.000000,0.000000,0.000000,0.000000,0.000000,0.000000,0.000000,0.000000,0.000000,0.000000,0.000000,0.000000,0.000000,0.000000,0.000000,0.000000,0.000000,0.000000,0.000000,0.000000,0.000000,15.609375,16.023438,14.089844,16.171875,10.511719,11.714844,0.000000,0.000000,0.000000,0.000000,0.000000,0.000000,0.000000,0.000000,0.000000,0.000000,0.000000,0.000000,0.000000,0.000000,0.000000,0.000000,0.000000,0.000000,0.000000,0.000000,0.000000,0.000000,0.000000,0.000000,0.000000,0.000000,0.000000,0.000000,0.000000,0.000000,0.000000,0.000000,0.000000,0.000000,0.000000,0.000000,0.000000,0.000000,0.000000,0.000000,0.000000,0.000000,0.000000,0.000000,0.000000,0.000000,0.000000,0.000000,0.000000,0.000000,0.000000,0.000000,0.000000,0.000000,0.000000,0.000000,0.000000,0.000000,0.000000,0.000000,0.000000,0.000000,0.000000,0.000000,0.000000,0.000000,0.000000,0.000000,0.000000,0.000000,0.000000,0.000000,0.000000,0.000000,0.000000,0.000000,0.000000,0.000000,0.000000,0.000000,0.000000,0.000000,0.000000,0.000000,0.000000,0.000000,0.000000,0.000000,0.000000,0.000000,0.000000,0.000000,0.000000,0.000000,0.000000,0.000000,0.000000,0.000000,0.000000,0.000000,0.000000,0.000000,0.000000,0.000000,0.000000,0.000000,0.000000,0.000000,0.000000,0.000000,0.000000,0.000000,0.000000,0.000000,0.000000,0.000000,0.000000,0.000000,0.000000,0.000000,0.000000,0.000000,0.000000,0.000000,0.000000,0.000000,0.000000,0.000000,0.000000,0.000000,0.000000,0.000000,0.000000,0.000000,0.000000,0.000000,0.000000,0.000000,0.000000,0.000000,0.000000,0.000000,0.000000,0.000000,0.000000,0.000000,0.000000,0.000000,0.000000,0.000000,0.000000,0.000000,
avg_symbol_len: 19.000000,198.894531,2.777344,16.648438,0.398438,3.695312,1.031250,10.109375,
avg_symbol_cnt: 252.554688
avg_hashtable_usage: 34.660156
avg_shortcodes_usage: 217.894531
max_2len_start_chars: 17
avg_2len_start_chars: 17.000000
max_2len_combinations: 17
avg_2len_combinations: 11.699656
0.442
Cycles (1) completed. Stats:
	Parameters:
		Block size: 4194304
		Input size: 1073741824
		Effective table size: 4194304
		File name: ../../thesis-testing/dbtext-inflated-1gb/output_uuid
	Compression:
		Duration (us): 2990096
		Throughput (GB/s): 0.359
		Compressed size: 448934090
	Decompression:
		Duration (us): 1402970
		Throughput (GB/s): 0.765
		Ratio: 2.3918
	Compression phases:
		Table generation (GB/s, us): 1.919 (559667)
		Precomputation (GB/s, us): inf (0)
		Encoding (GB/s, us): 0.442 (2430066)
		Postprocessing (GB/s, us): inf (0)
avg_symbol_2len_start_char: 0.000000,0.000000,0.000000,0.000000,0.000000,0.000000,0.000000,0.000000,0.000000,0.000000,15.000000,0.000000,0.000000,0.000000,0.000000,0.000000,0.000000,0.000000,0.000000,0.000000,0.000000,0.000000,0.000000,0.000000,0.000000,0.000000,0.000000,0.000000,0.000000,0.000000,0.000000,0.000000,0.000000,0.000000,0.000000,0.000000,0.000000,0.000000,0.000000,0.000000,0.000000,0.000000,0.000000,0.000000,0.000000,0.000000,0.000000,0.000000,8.390625,13.796875,13.937500,13.914062,13.980469,13.996094,13.953125,14.167969,13.839844,14.203125,0.000000,0.000000,0.000000,0.000000,0.000000,0.000000,0.000000,14.367188,14.410156,14.039062,14.335938,14.113281,14.550781,0.000000,0.000000,0.000000,0.000000,0.000000,0.000000,0.000000,0.000000,0.000000,0.000000,0.000000,0.000000,0.000000,0.000000,0.000000,0.000000,0.000000,0.000000,0.000000,0.000000,0.000000,0.000000,0.000000,0.000000,0.000000,0.000000,0.000000,0.000000,0.000000,0.000000,0.000000,0.000000,0.000000,0.000000,0.000000,0.000000,0.000000,0.000000,0.000000,0.000000,0.000000,0.000000,0.000000,0.000000,0.000000,0.000000,0.000000,0.000000,0.000000,0.000000,0.000000,0.000000,0.000000,0.000000,0.000000,0.000000,0.000000,0.000000,0.000000,0.000000,0.000000,0.000000,0.000000,0.000000,0.000000,0.000000,0.000000,0.000000,0.000000,0.000000,0.000000,0.000000,0.000000,0.000000,0.000000,0.000000,0.000000,0.000000,0.000000,0.000000,0.000000,0.000000,0.000000,0.000000,0.000000,0.000000,0.000000,0.000000,0.000000,0.000000,0.000000,0.000000,0.000000,0.000000,0.000000,0.000000,0.000000,0.000000,0.000000,0.000000,0.000000,0.000000,0.000000,0.000000,0.000000,0.000000,0.000000,0.000000,0.000000,0.000000,0.000000,0.000000,0.000000,0.000000,0.000000,0.000000,0.000000,0.000000,0.000000,0.000000,0.000000,0.000000,0.000000,0.000000,0.000000,0.000000,0.000000,0.000000,0.000000,0.000000,0.000000,0.000000,0.000000,0.000000,0.000000,0.000000,0.000000,0.000000,0.000000,0.000000,0.000000,0.000000,0.000000,0.000000,0.000000,0.000000,0.000000,0.000000,0.000000,0.000000,0.000000,0.000000,0.000000,0.000000,0.000000,0.000000,0.000000,0.000000,0.000000,0.000000,0.000000,0.000000,0.000000,0.000000,0.000000,0.000000,0.000000,0.000000,0.000000,0.000000,0.000000,0.000000,0.000000,0.000000,0.000000,0.000000,0.000000,0.000000,0.000000,0.000000,0.000000,0.000000,0.000000,0.000000,
avg_symbol_len: 18.000000,234.996094,0.003906,0.000000,0.000000,0.000000,0.000000,0.000000,
avg_symbol_cnt: 253.000000
avg_hashtable_usage: 0.003906
avg_shortcodes_usage: 252.996094
max_2len_start_chars: 17
avg_2len_start_chars: 17.000000
max_2len_combinations: 17
avg_2len_combinations: 13.823271
0.379
Cycles (1) completed. Stats:
	Parameters:
		Block size: 4194304
		Input size: 1073741824
		Effective table size: 4194304
		File name: ../../thesis-testing/dbtext-inflated-1gb/output_hex
	Compression:
		Duration (us): 3611113
		Throughput (GB/s): 0.297
		Compressed size: 582521524
	Decompression:
		Duration (us): 1494902
		Throughput (GB/s): 0.718
		Ratio: 1.8433
	Compression phases:
		Table generation (GB/s, us): 1.381 (777537)
		Precomputation (GB/s, us): inf (0)
		Encoding (GB/s, us): 0.379 (2833188)
		Postprocessing (GB/s, us): inf (0)