avg_symbol_2len_start_char: 0.000000,0.000000,0.000000,0.000000,0.000000,0.000000,0.000000,0.000000,0.000000,0.000000,17.216103,0.000000,0.000000,0.000000,0.000000,0.000000,0.000000,0.000000,0.000000,0.000000,0.000000,0.000000,0.000000,0.000000,0.000000,0.000000,0.000000,0.000000,0.000000,0.000000,0.000000,0.000000,16.491526,0.338983,0.000000,0.000000,0.000000,0.000000,0.000000,0.000000,0.000000,0.000000,0.000000,0.000000,1.012712,0.334746,1.809322,0.000000,0.000000,0.000000,0.000000,0.000000,0.000000,0.000000,0.000000,0.000000,0.000000,0.000000,0.275424,0.305085,0.000000,0.000000,0.000000,0.360170,0.000000,0.000000,0.000000,0.000000,0.000000,0.000000,0.000000,0.000000,0.000000,0.000000,0.000000,0.000000,0.000000,0.000000,0.000000,0.000000,0.000000,0.000000,0.000000,0.000000,0.000000,0.000000,0.000000,0.000000,0.000000,0.000000,0.000000,0.000000,0.000000,0.000000,0.000000,0.000000,0.000000,13.012712,3.542373,9.127119,4.673729,14.902542,6.762712,7.389831,3.453390,9.432203,1.000000,3.088983,10.639831,1.906780,9.843221,11.317797,9.300847,1.190678,8.398305,9.483051,8.093221,9.427966,1.000000,1.055085,2.983051,3.927966,0.046610,0.000000,0.000000,0.000000,0.000000,0.000000,0.000000,0.000000,0.000000,0.000000,0.000000,0.000000,0.000000,0.000000,0.000000,0.000000,0.000000,0.000000,0.000000,0.000000,0.000000,0.000000,0.000000,0.000000,0.000000,0.000000,0.000000,0.000000,0.000000,0.000000,0.000000,0.000000,0.000000,0.000000,0.000000,0.000000,0.000000,0.000000,0.000000,0.000000,0.000000,0.000000,0.000000,0.000000,0.000000,0.000000,0.000000,0.000000,0.000000,0.000000,0.000000,0.000000,0.000000,0.000000,0.000000,0.000000,0.000000,0.000000,0.000000,0.000000,0.000000,0.000000,0.000000,0.000000,0.000000,0.000000,0.000000,0.000000,0.000000,0.000000,0.000000,0.000000,0.000000,0.000000,0.000000,0.000000,0.000000,0.000000,0.000000,0.000000,0.000000,0.000000,0.000000,0.000000,0.000000,0.000000,0.000000,0.000000,0.000000,0.000000,0.000000,0.000000,0.000000,0.000000,0.000000,0.000000,0.000000,0.000000,0.000000,0.000000,0.000000,0.000000,0.000000,0.000000,0.000000,0.000000,0.000000,0.000000,0.000000,0.000000,0.000000,0.000000,0.000000,0.000000,0.000000,0.000000,0.000000,0.000000,0.000000,0.000000,0.000000,0.000000,0.000000,0.000000,0.000000,0.000000,0.000000,0.000000,0.000000,0.000000,0.000000,0.000000,0.000000,
avg_symbol_len: 35.139832,203.144073,3.792373,2.533898,2.423729,3.631356,0.800847,1.533898,
avg_symbol_cnt: 253.000000
avg_hashtable_usage: 14.716102
avg_shortcodes_usage: 238.283905
max_2len_start_chars: 34
avg_2len_start_chars: 30.593220
max_2len_combinations: 20
avg_2len_combinations: 6.647715
0.415
Cycles (1) completed. Stats:
	Parameters:
		Block size: 4194304
		Input size: 989855744
		Effective table size: 4194304
		File name: ../../thesis-testing/lineitem-1gb/lineitem-comments-1gb-1.txt
	Compression:
		Duration (us): 2734155
		Throughput (GB/s): 0.362
		Compressed size: 454838118
	Decompression:
		Duration (us): 1400207
		Throughput (GB/s): 0.707
		Ratio: 2.1763
	Compression phases:
		Table generation (GB/s, us): 2.845 (347986)
		Precomputation (GB/s, us): inf (0)
		Encoding (GB/s, us): 0.415 (2385817)
		Postprocessing (GB/s, us): inf (0)
avg_symbol_2len_start_char: 0.000000,0.000000,0.000000,0.000000,0.000000,0.000000,0.000000,0.000000,0.000000,0.000000,1.309734,0.000000,0.000000,0.000000,0.000000,0.000000,0.000000,0.000000,0.000000,0.000000,0.000000,0.000000,0.000000,0.000000,0.000000,0.000000,0.000000,0.000000,0.000000,0.000000,0.000000,0.000000,0.000000,0.000000,0.000000,0.367257,0.000000,0.000000,0.000000,0.000000,0.000000,0.000000,0.000000,0.000000,0.000000,0.000000,0.000000,0.000000,9.712389,10.022124,9.646018,10.039823,9.584071,10.092920,9.654867,10.013274,9.716814,9.955752,0.000000,0.000000,0.000000,0.000000,0.000000,0.000000,0.000000,0.000000,0.000000,0.367257,0.000000,0.000000,0.000000,0.000000,0.000000,0.000000,0.000000,0.000000,0.000000,0.000000,0.000000,0.000000,0.000000,0.000000,0.000000,0.000000,0.000000,0.000000,0.000000,0.000000,0.000000,0.000000,0.000000,0.000000,0.000000,0.000000,0.000000,0.000000,0.000000,0.000000,0.000000,0.000000,0.000000,0.296460,0.000000,0.000000,0.000000,0.000000,0.000000,0.000000,0.000000,0.721239,0.000000,0.628319,0.000000,0.000000,1.433628,0.606195,0.796460,1.057522,0.000000,0.000000,0.000000,0.000000,0.000000,0.000000,0.000000,0.000000,0.000000,0.000000,0.000000,0.000000,0.000000,0.000000,0.000000,0.000000,0.000000,0.000000,0.000000,0.000000,0.000000,0.000000,0.000000,0.000000,0.000000,0.000000,0.000000,0.000000,0.000000,0.000000,0.000000,0.000000,0.000000,0.000000,0.000000,0.000000,0.000000,0.000000,0.000000,0.000000,0.000000,0.000000,0.000000,0.000000,0.000000,0.000000,0.000000,0.000000,0.000000,0.000000,0.000000,0.000000,0.000000,0.000000,0.000000,0.000000,0.000000,0.000000,0.000000,0.000000,0.000000,0.000000,0.000000,0.000000,0.000000,0.000000,0.000000,0.000000,0.000000,0.000000,0.000000,0.000000,0.000000,0.000000,0.000000,0.000000,0.000000,0.000000,0.000000,0.000000,0.000000,0.000000,0.000000,0.000000,0.000000,0.000000,0.000000,0.000000,0.000000,0.000000,0.000000,0.000000,0.000000,0.000000,0.000000,0.000000,0.000000,0.000000,0.000000,0.000000,0.000000,0.000000,0.000000,0.000000,0.000000,0.000000,0.000000,0.000000,0.000000,0.000000,0.000000,0.000000,0.000000,0.000000,0.000000,0.000000,0.000000,0.000000,0.000000,0.000000,0.000000,0.000000,0.000000,0.000000,0.000000,0.000000,0.000000,0.000000,0.000000,0.000000,0.000000,0.000000,0.000000,0.000000,0.000000,0.000000,0.000000,
avg_symbol_len: 20.774336,106.022125,0.650442,0.641593,2.367257,1.991150,0.159292,6.977876,
avg_symbol_cnt: 139.584076
avg_hashtable_usage: 12.787611
avg_shortcodes_usage: 126.796463
max_2len_start_chars: 20
avg_2len_start_chars: 15.123894
max_2len_combinations: 13
avg_2len_combinations: 7.064869
0.733
Cycles (1) completed. Stats:
	Parameters:
		Block size: 4194304
		Input size: 947912704
		Effective table size: 4194304
		File name: ../../thesis-testing/customer-1gb/customer-id-1gb-1.txt
	Compression:
		Duration (us): 1492133
		Throughput (GB/s): 0.635
		Compressed size: 254768907
	Decompression:
		Duration (us): 739655
		Throughput (GB/s): 1.282
		Ratio: 3.7207
	Compression phases:
		Table generation (GB/s, us): 4.763 (199022)
		Precomputation (GB/s, us): inf (0)
		Encoding (GB/s, us): 0.733 (1292769)
		Postprocessing (GB/s, us): inf (0)

avg_symbol_2len_start_char: 0.000000,0.000000,0.000000,0.000000,0.000000,0.000000,0.000000,0.000000,0.000000,0.000000,10.027344,0.000000,0.000000,0.000000,0.000000,0.000000,0.000000,0.000000,0.000000,0.000000,0.000000,0.000000,0.000000,0.000000,0.000000,0.000000,0.000000,0.000000,0.000000,0.000000,0.000000,0.000000,13.996094,0.000000,0.000000,0.000000,0.000000,0.000000,0.000000,0.437500,0.632812,0.667969,0.238281,0.000000,1.000000,0.433594,0.000000,0.000000,0.000000,0.000000,0.000000,0.000000,0.000000,0.000000,0.000000,0.000000,0.000000,0.000000,0.000000,0.000000,0.000000,0.000000,0.000000,0.000000,0.000000,1.582031,2.070312,2.492188,1.250000,0.636719,0.781250,1.105469,0.000000,1.417969,0.937500,2.261719,1.875000,1.808594,1.789062,0.355469,1.375000,0.414062,0.785156,3.097656,1.964844,0.449219,0.136719,0.808594,0.000000,0.488281,0.566406,0.000000,0.000000,0.000000,0.000000,0.000000,0.000000,11.035156,1.914062,2.968750,6.605469,10.652344,0.519531,3.625000,4.492188,8.894531,1.078125,3.679688,7.464844,2.890625,7.652344,8.039062,2.082031,0.738281,5.812500,7.003906,6.839844,6.039062,1.093750,2.363281,0.156250,4.937500,0.996094,0.000000,0.000000,0.000000,0.000000,0.000000,0.000000,0.000000,0.000000,0.000000,0.000000,0.000000,0.000000,0.000000,0.000000,0.000000,0.000000,0.000000,0.000000,0.000000,0.000000,0.000000,0.000000,0.000000,0.000000,0.000000,0.000000,0.000000,0.000000,0.000000,0.000000,0.000000,0.000000,0.000000,0.000000,0.000000,0.000000,0.000000,0.000000,0.000000,0.000000,0.000000,0.000000,0.000000,0.000000,0.000000,0.000000,0.000000,0.000000,0.000000,0.000000,0.000000,0.000000,0.000000,0.000000,0.000000,0.000000,0.000000,0.000000,0.000000,0.000000,0.000000,0.000000,0.000000,0.000000,0.000000,0.000000,0.000000,0.000000,0.000000,0.000000,0.000000,0.000000,0.000000,0.000000,0.000000,0.000000,0.000000,0.000000,0.000000,0.000000,0.000000,0.000000,0.000000,0.000000,0.000000,0.000000,0.000000,0.000000,0.000000,0.000000,0.000000,0.000000,0.000000,0.000000,0.000000,0.000000,0.000000,0.000000,0.000000,0.000000,0.000000,0.000000,0.000000,0.000000,0.000000,0.000000,0.000000,0.000000,0.000000,0.000000,0.000000,0.000000,0.000000,0.000000,0.000000,0.000000,0.000000,0.000000,0.000000,0.000000,0.000000,0.000000,0.000000,0.000000,0.000000,0.000000,0.000000,0.000000,0.000000,0.000000,0.000000,0.000000,
avg_symbol_len: 61.968750,177.457031,3.339844,2.292969,1.277344,1.757812,1.429688,3.289062,
avg_symbol_cnt: 252.812500
avg_hashtable_usage: 13.386719
avg_shortcodes_usage: 239.425781
max_2len_start_chars: 52
avg_2len_start_chars: 47.402344
max_2len_combinations: 19
avg_2len_combinations: 3.751009
0.422
Cycles (1) completed. Stats:
	Parameters:
		Block size: 4194304
		Input size: 1073741824
		Effective table size: 4194304
		File name: ../../thesis-testing/gdelt-locations-inflated-1gb/output_locations.txt
	Compression:
		Duration (us): 2854152
		Throughput (GB/s): 0.376
		Compressed size: 541342699
	Decompression:
		Duration (us): 1096392
		Throughput (GB/s): 0.979
		Ratio: 1.9835
	Compression phases:
		Table generation (GB/s, us): 3.505 (306387)
		Precomputation (GB/s, us): inf (0)
		Encoding (GB/s, us): 0.422 (2547399)
		Postprocessing (GB/s, us): inf (0)


avg_symbol_2len_start_char: 0.000000,0.000000,0.000000,0.000000,0.000000,0.000000,0.000000,0.000000,0.000000,0.000000,9.695312,0.000000,0.000000,0.000000,0.000000,0.000000,0.000000,0.000000,0.000000,0.000000,0.000000,0.000000,0.000000,0.000000,0.000000,0.000000,0.000000,0.000000,0.000000,0.000000,0.000000,0.000000,0.000000,0.000000,0.000000,0.000000,0.000000,0.000000,0.000000,0.000000,0.000000,0.000000,0.000000,0.000000,0.000000,0.007812,7.800781,0.000000,1.710938,3.914062,2.210938,1.003906,0.996094,1.003906,0.968750,1.031250,1.003906,1.023438,0.000000,0.000000,0.000000,0.000000,0.000000,0.000000,3.582031,0.000000,0.000000,0.000000,0.000000,0.000000,0.000000,0.000000,0.000000,0.000000,0.000000,0.000000,0.000000,0.000000,0.000000,0.000000,0.000000,0.000000,0.000000,0.000000,0.000000,0.000000,0.000000,0.000000,0.000000,0.000000,0.000000,0.000000,0.000000,0.000000,0.000000,0.339844,0.000000,11.605469,5.945312,6.093750,5.910156,10.375000,3.398438,5.753906,4.269531,9.457031,2.828125,4.941406,7.781250,8.015625,11.089844,7.925781,5.230469,0.085938,10.816406,10.207031,9.113281,7.386719,3.000000,2.839844,1.039062,3.226562,1.203125,0.000000,0.000000,0.000000,0.000000,0.000000,0.000000,0.000000,0.000000,0.000000,0.000000,0.000000,0.000000,0.000000,0.000000,0.000000,0.000000,0.000000,0.000000,0.000000,0.000000,0.000000,0.000000,0.000000,0.000000,0.000000,0.000000,0.000000,0.000000,0.000000,0.000000,0.000000,0.000000,0.000000,0.000000,0.000000,0.000000,0.000000,0.000000,0.000000,0.000000,0.000000,0.000000,0.000000,0.000000,0.000000,0.000000,0.000000,0.000000,0.000000,0.000000,0.000000,0.000000,0.000000,0.000000,0.000000,0.000000,0.000000,0.000000,0.000000,0.000000,0.000000,0.000000,0.000000,0.000000,0.000000,0.000000,0.000000,0.000000,0.000000,0.000000,0.000000,0.000000,0.000000,0.000000,0.000000,0.000000,0.000000,0.000000,0.000000,0.000000,0.000000,0.000000,0.000000,0.000000,0.000000,0.000000,0.000000,0.000000,0.000000,0.000000,0.000000,0.000000,0.000000,0.000000,0.000000,0.000000,0.000000,0.000000,0.000000,0.000000,0.000000,0.000000,0.000000,0.000000,0.000000,0.000000,0.000000,0.000000,0.000000,0.000000,0.000000,0.000000,0.000000,0.000000,0.000000,0.000000,0.000000,0.000000,0.000000,0.000000,0.000000,0.000000,0.000000,0.000000,0.000000,0.000000,0.000000,0.000000,0.000000,0.000000,0.000000,0.000000,
avg_symbol_len: 42.210938,195.832031,0.820312,2.011719,1.253906,1.867188,0.324219,6.332031,
avg_symbol_cnt: 250.652344
avg_hashtable_usage: 12.609375
avg_shortcodes_usage: 238.042969
max_2len_start_chars: 40
avg_2len_start_chars: 37.925781
max_2len_combinations: 17
avg_2len_combinations: 5.166316
0.316
Cycles (1) completed. Stats:
	Parameters:
		Block size: 4194304
		Input size: 1073741824
		Effective table size: 4194304
		File name: ../../thesis-testing/dbtext-inflated-1gb/output_email
	Compression:
		Duration (us): 3988996
		Throughput (GB/s): 0.269
		Compressed size: 521649654
	Decompression:
		Duration (us): 2320912
		Throughput (GB/s): 0.463
		Ratio: 2.0584
	Compression phases:
		Table generation (GB/s, us): 1.807 (594197)
		Precomputation (GB/s, us): inf (0)
		Encoding (GB/s, us): 0.316 (3394432)
		Postprocessing (GB/s, us): inf (0)
avg_symbol_2len_start_char: 0.000000,0.000000,0.000000,0.000000,0.000000,0.000000,0.000000,0.000000,0.000000,0.000000,12.644531,0.000000,0.000000,0.000000,0.000000,0.000000,0.000000,0.000000,0.000000,0.000000,0.000000,0.000000,0.000000,0.000000,0.000000,0.000000,0.000000,0.000000,0.000000,0.000000,0.000000,0.000000,0.000000,0.000000,0.000000,0.000000,0.000000,0.000000,0.000000,0.054688,0.000000,1.000000,0.000000,0.000000,1.000000,0.000000,0.980469,0.000000,0.082031,0.777344,0.089844,0.000000,0.000000,0.000000,0.000000,0.000000,0.000000,0.000000,0.000000,0.000000,0.000000,0.000000,0.000000,0.000000,0.000000,0.121094,0.664062,2.406250,0.218750,0.000000,0.097656,0.144531,0.441406,0.429688,0.390625,0.101562,0.433594,1.515625,0.804688,0.000000,0.550781,0.000000,0.492188,1.140625,0.378906,0.058594,0.078125,0.421875,0.000000,0.000000,0.000000,0.000000,0.000000,0.000000,0.000000,13.187500,0.000000,11.410156,2.648438,5.269531,4.906250,9.929688,1.070312,2.449219,4.660156,11.324219,0.000000,2.984375,6.777344,4.042969,10.054688,11.253906,3.347656,0.007812,9.035156,7.164062,8.574219,7.027344,2.714844,1.164062,0.000000,2.101562,0.007812,0.000000,0.000000,0.000000,0.000000,0.000000,0.000000,0.000000,0.000000,0.000000,0.000000,0.000000,0.000000,0.000000,0.000000,0.000000,0.000000,0.000000,0.000000,0.000000,0.000000,0.000000,0.000000,0.000000,0.000000,0.000000,0.000000,0.000000,0.000000,0.000000,0.000000,0.000000,0.000000,0.000000,0.000000,0.000000,0.000000,0.000000,0.000000,0.000000,0.000000,0.000000,0.000000,0.000000,0.000000,0.000000,0.000000,0.000000,0.000000,0.000000,0.000000,0.000000,0.000000,0.000000,0.000000,0.000000,0.000000,0.000000,0.000000,0.000000,0.000000,0.000000,0.000000,0.000000,0.000000,0.000000,0.000000,0.000000,0.000000,0.000000,0.000000,0.000000,0.000000,0.109375,0.000000,0.000000,0.000000,0.000000,0.000000,0.000000,0.000000,0.000000,0.000000,0.000000,0.000000,0.000000,0.000000,0.000000,0.000000,0.000000,0.000000,0.000000,0.000000,0.000000,0.000000,0.000000,0.000000,0.000000,0.000000,0.000000,0.000000,0.000000,0.000000,0.000000,0.000000,0.000000,0.000000,0.000000,0.000000,0.000000,0.000000,0.000000,0.000000,0.000000,0.000000,0.000000,0.000000,0.000000,0.000000,0.000000,0.000000,0.000000,0.000000,0.000000,0.000000,0.000000,0.000000,0.000000,0.000000,0.000000,0.000000,0.000000,0.000000,
avg_symbol_len: 67.480469,170.742188,10.949219,2.429688,1.132812,0.156250,0.082031,0.027344,
avg_symbol_cnt: 253.000000
avg_hashtable_usage: 14.777344
avg_shortcodes_usage: 238.222656
max_2len_start_chars: 43
avg_2len_start_chars: 35.871094
max_2len_combinations: 18
avg_2len_combinations: 4.775867
0.258
Cycles (1) completed. Stats:
	Parameters:
		Block size: 4194304
		Input size: 1073741824
		Effective table size: 4194304
		File name: ../../thesis-testing/dbtext-inflated-1gb/output_yago
	Compression:
		Duration (us): 4859638
		Throughput (GB/s): 0.221
		Compressed size: 677127047
	Decompression:
		Duration (us): 2633423
		Throughput (GB/s): 0.408
		Ratio: 1.5857
	Compression phases:
		Table generation (GB/s, us): 1.530 (701852)
		Precomputation (GB/s, us): inf (0)
		Encoding (GB/s, us): 0.258 (4157319)
		Postprocessing (GB/s, us): inf (0)
avg_symbol_2len_start_char: 0.000000,0.000000,0.000000,0.000000,0.000000,0.000000,0.000000,0.000000,0.000000,0.000000,11.375000,0.000000,0.000000,0.000000,0.000000,0.000000,0.000000,0.000000,0.000000,0.000000,0.000000,0.000000,0.000000,0.000000,0.000000,0.000000,0.000000,0.000000,0.000000,0.000000,0.000000,0.000000,0.000000,0.000000,0.000000,0.000000,0.000000,0.000000,0.000000,0.066406,0.003906,1.000000,0.000000,0.000000,1.000000,0.000000,0.816406,0.050781,0.000000,1.179688,0.988281,0.000000,0.000000,0.000000,0.000000,0.000000,0.000000,0.000000,0.000000,0.000000,0.000000,0.000000,0.000000,0.000000,0.000000,0.468750,0.101562,1.527344,0.175781,0.000000,0.027344,0.046875,0.292969,0.457031,0.191406,0.007812,0.855469,0.820312,0.382812,0.000000,0.824219,0.000000,0.750000,0.488281,0.234375,0.105469,0.042969,0.453125,0.000000,0.000000,0.000000,0.000000,0.000000,0.000000,0.000000,14.664062,0.000000,10.484375,3.261719,6.035156,4.453125,10.191406,0.539062,3.195312,4.257812,10.710938,0.191406,2.160156,6.187500,4.980469,10.187500,9.800781,4.003906,0.046875,8.402344,8.875000,8.343750,6.843750,2.402344,1.066406,0.000000,2.031250,0.000000,0.000000,0.000000,0.000000,0.000000,0.000000,0.000000,0.000000,0.000000,0.000000,0.000000,0.000000,0.000000,0.000000,0.000000,0.000000,0.000000,0.000000,0.000000,0.000000,0.000000,0.000000,0.000000,0.000000,0.000000,0.000000,0.000000,0.000000,0.000000,0.000000,0.000000,0.000000,0.000000,0.000000,0.000000,0.000000,0.000000,0.000000,0.000000,0.000000,0.000000,0.000000,0.000000,0.000000,0.000000,0.000000,0.000000,0.000000,0.000000,0.000000,0.000000,0.000000,0.000000,0.000000,0.000000,0.000000,0.000000,0.000000,0.000000,0.000000,0.000000,0.000000,0.000000,0.000000,0.000000,0.000000,0.000000,0.000000,0.000000,0.000000,0.000000,0.000000,0.000000,0.000000,0.000000,0.000000,0.000000,0.000000,0.000000,0.000000,0.000000,0.000000,0.000000,0.000000,0.000000,0.000000,0.000000,0.000000,0.000000,0.000000,0.000000,0.000000,0.000000,0.000000,0.000000,0.000000,0.000000,0.000000,0.000000,0.000000,0.000000,0.000000,0.000000,0.000000,0.027344,0.000000,0.000000,0.000000,0.000000,0.000000,0.000000,0.000000,0.000000,0.000000,0.000000,0.000000,0.000000,0.000000,0.000000,0.000000,0.000000,0.000000,0.000000,0.000000,0.000000,0.000000,0.000000,0.000000,0.000000,0.000000,0.000000,0.000000,0.000000,
avg_symbol_len: 71.597656,168.078125,5.390625,3.031250,2.589844,0.664062,0.585938,1.062500,
avg_symbol_cnt: 253.000000
avg_hashtable_usage: 13.324219
avg_shortcodes_usage: 239.675781
max_2len_start_chars: 40
avg_2len_start_chars: 35.574219
max_2len_combinations: 20
avg_2len_combinations: 4.738769
0.259
Cycles (1) completed. Stats:
	Parameters:
		Block size: 4194304
		Input size: 1073741824
		Effective table size: 4194304
		File name: ../../thesis-testing/dbtext-inflated-1gb/output_wiki
	Compression:
		Duration (us): 4835108
		Throughput (GB/s): 0.222
		Compressed size: 671944185
	Decompression:
		Duration (us): 2694246
		Throughput (GB/s): 0.399
		Ratio: 1.5980
	Compression phases:
		Table generation (GB/s, us): 1.563 (687000)
		Precomputation (GB/s, us): inf (0)
		Encoding (GB/s, us): 0.259 (4147664)
		Postprocessing (GB/s, us): inf (0)
avg_symbol_2len_start_char: 0.000000,0.000000,0.000000,0.000000,0.000000,0.000000,0.000000,0.000000,0.000000,0.000000,0.058594,0.000000,0.000000,0.000000,0.000000,0.000000,0.000000,0.000000,0.000000,0.000000,0.000000,0.000000,0.000000,0.000000,0.000000,0.000000,0.000000,0.000000,0.000000,0.000000,0.000000,0.000000,0.000000,0.000000,0.000000,0.000000,0.000000,0.316406,0.023438,0.000000,0.000000,0.992188,0.000000,0.000000,0.257812,2.132812,4.550781,11.695312,1.972656,2.562500,1.269531,0.234375,0.082031,0.136719,0.074219,0.113281,0.089844,0.199219,0.074219,0.000000,0.000000,0.234375,0.000000,0.011719,0.000000,0.156250,0.027344,0.167969,0.015625,0.007812,0.003906,0.007812,0.015625,0.011719,0.003906,0.000000,0.042969,0.207031,0.015625,0.000000,0.093750,0.000000,0.027344,0.003906,0.027344,0.000000,0.000000,0.007812,0.000000,0.000000,0.000000,0.000000,0.000000,0.000000,0.000000,4.261719,0.000000,9.757812,4.199219,5.683594,4.515625,11.097656,3.160156,4.082031,4.292969,9.199219,0.042969,1.667969,6.347656,4.339844,10.113281,8.550781,5.578125,0.074219,7.457031,11.316406,9.773438,6.140625,2.437500,2.492188,0.039062,1.378906,0.011719,0.000000,0.000000,0.000000,0.000000,0.000000,0.000000,0.000000,0.000000,0.000000,0.000000,0.000000,0.000000,0.000000,0.000000,0.000000,0.000000,0.000000,0.000000,0.000000,0.000000,0.000000,0.000000,0.000000,0.000000,0.000000,0.000000,0.000000,0.000000,0.000000,0.000000,0.000000,0.000000,0.000000,0.000000,0.000000,0.000000,0.000000,0.000000,0.000000,0.000000,0.000000,0.000000,0.000000,0.000000,0.000000,0.000000,0.000000,0.000000,0.000000,0.000000,0.000000,0.000000,0.000000,0.000000,0.000000,0.000000,0.000000,0.000000,0.000000,0.000000,0.000000,0.000000,0.000000,0.000000,0.000000,0.000000,0.000000,0.000000,0.000000,0.000000,0.000000,0.000000,0.000000,0.000000,0.000000,0.000000,0.000000,0.000000,0.000000,0.000000,0.000000,0.000000,0.000000,0.000000,0.000000,0.000000,0.000000,0.000000,0.000000,0.000000,0.000000,0.000000,0.000000,0.000000,0.000000,0.000000,0.000000,0.000000,0.000000,0.000000,0.000000,0.000000,0.000000,0.000000,0.000000,0.000000,0.000000,0.000000,0.000000,0.000000,0.000000,0.000000,0.000000,0.000000,0.000000,0.000000,0.000000,0.000000,0.000000,0.000000,0.000000,0.000000,0.000000,0.000000,0.000000,0.000000,0.000000,0.000000,0.000000,0.000000,0.000000,0.000000,
avg_symbol_len: 74.980469,165.937500,0.679688,2.617188,0.718750,1.074219,2.421875,4.570312,
avg_symbol_cnt: 253.000000
avg_hashtable_usage: 12.082031
avg_shortcodes_usage: 240.917969
max_2len_start_chars: 39
avg_2len_start_chars: 32.335938
max_2len_combinations: 22
avg_2len_combinations: 5.147036
0.325
Cycles (1) completed. Stats:
	Parameters:
		Block size: 4194304
		Input size: 1073741824
		Effective table size: 4194304
		File name: ../../thesis-testing/dbtext-inflated-1gb/output_urls2
	Compression:
		Duration (us): 3854663
		Throughput (GB/s): 0.279
		Compressed size: 542990865
	Decompression:
		Duration (us): 2124104
		Throughput (GB/s): 0.506
		Ratio: 1.9775
	Compression phases:
		Table generation (GB/s, us): 1.963 (547121)
		Precomputation (GB/s, us): inf (0)
		Encoding (GB/s, us): 0.325 (3307111)
		Postprocessing (GB/s, us): inf (0)
avg_symbol_2len_start_char: 0.000000,0.000000,0.000000,0.000000,0.000000,0.000000,0.000000,0.000000,0.000000,0.000000,0.000000,0.000000,0.000000,0.000000,0.000000,0.000000,0.000000,0.000000,0.000000,0.000000,0.000000,0.000000,0.000000,0.000000,0.000000,0.000000,0.000000,0.000000,0.000000,0.000000,0.000000,0.000000,0.000000,0.000000,0.000000,0.000000,0.000000,0.117188,0.000000,0.000000,0.000000,0.000000,0.000000,0.000000,0.000000,3.511719,4.480469,10.296875,10.816406,9.585938,6.089844,3.992188,3.820312,3.734375,3.011719,2.847656,3.652344,3.367188,4.218750,0.000000,0.000000,0.000000,0.000000,0.000000,0.000000,0.343750,0.011719,0.058594,0.003906,0.000000,0.027344,0.156250,0.000000,0.000000,0.000000,0.000000,0.035156,0.195312,0.003906,0.074219,0.097656,0.000000,0.011719,0.281250,3.691406,0.000000,0.121094,0.035156,0.000000,0.000000,0.000000,0.000000,0.000000,0.000000,0.000000,0.378906,0.000000,8.335938,0.167969,7.242188,5.027344,8.687500,0.925781,3.929688,0.742188,6.234375,0.003906,0.449219,5.171875,3.656250,8.582031,5.667969,1.566406,0.917969,4.957031,5.968750,6.175781,3.445312,2.699219,2.035156,0.125000,0.410156,0.011719,0.000000,0.000000,0.000000,0.000000,0.000000,0.000000,0.000000,0.000000,0.000000,0.000000,0.000000,0.000000,0.000000,0.000000,0.000000,0.000000,0.000000,0.000000,0.000000,0.000000,0.000000,0.000000,0.000000,0.000000,0.000000,0.000000,0.000000,0.000000,0.000000,0.000000,0.000000,0.000000,0.000000,0.000000,0.000000,0.000000,0.000000,0.000000,0.000000,0.000000,0.000000,0.000000,0.000000,0.000000,0.000000,0.000000,0.000000,0.000000,0.000000,0.000000,0.000000,0.000000,0.000000,0.000000,0.000000,0.000000,0.000000,0.000000,0.000000,0.000000,0.000000,0.000000,0.000000,0.000000,0.000000,0.000000,0.000000,0.000000,0.000000,0.000000,0.000000,0.000000,0.000000,0.000000,0.000000,0.000000,0.000000,0.000000,0.000000,0.000000,0.000000,0.000000,0.000000,0.000000,0.000000,0.000000,0.000000,0.000000,0.000000,0.000000,0.000000,0.000000,0.000000,0.000000,0.000000,0.000000,0.000000,0.000000,0.000000,0.000000,0.000000,0.160156,0.035156,0.003906,0.000000,0.000000,0.000000,0.000000,0.000000,0.000000,0.000000,0.000000,0.000000,0.000000,0.000000,0.000000,0.000000,0.000000,0.000000,0.000000,0.000000,0.000000,0.000000,0.000000,0.000000,0.000000,0.000000,0.000000,0.000000,0.000000,0.000000,0.000000,
avg_symbol_len: 69.500000,172.406250,0.207031,3.953125,0.652344,1.496094,1.234375,3.550781,
avg_symbol_cnt: 253.000000
avg_hashtable_usage: 11.093750
avg_shortcodes_usage: 241.906250
max_2len_start_chars: 42
avg_2len_start_chars: 37.179688
max_2len_combinations: 15
avg_2len_combinations: 4.646697
0.381
Cycles (1) completed. Stats:
	Parameters:
		Block size: 4194304
		Input size: 1073741824
		Effective table size: 4194304
		File name: ../../thesis-testing/dbtext-inflated-1gb/output_urls
	Compression:
		Duration (us): 3227177
		Throughput (GB/s): 0.333
		Compressed size: 510481789
	Decompression:
		Duration (us): 1617265
		Throughput (GB/s): 0.664
		Ratio: 2.1034
	Compression phases:
		Table generation (GB/s, us): 2.610 (411419)
		Precomputation (GB/s, us): inf (0)
		Encoding (GB/s, us): 0.381 (2815306)
		Postprocessing (GB/s, us): inf (0)
avg_symbol_2len_start_char: 0.000000,0.000000,0.000000,0.000000,0.000000,0.000000,0.000000,0.000000,0.000000,0.000000,0.000000,0.000000,0.000000,0.000000,0.000000,0.000000,0.000000,0.000000,0.000000,0.000000,0.000000,0.000000,0.000000,0.000000,0.000000,0.000000,0.000000,0.000000,0.000000,0.000000,0.000000,0.000000,0.000000,0.000000,0.000000,0.000000,0.000000,0.000000,0.000000,0.000000,0.000000,0.000000,0.000000,0.000000,0.000000,13.035156,0.000000,0.000000,9.312500,11.328125,9.027344,12.960938,9.355469,11.894531,10.085938,13.429688,11.238281,16.105469,0.000000,0.000000,0.000000,0.000000,0.000000,0.000000,0.000000,0.000000,0.000000,0.000000,0.000000,0.000000,0.000000,0.000000,0.000000,0.000000,0.000000,0.000000,0.000000,0.000000,0.000000,0.000000,0.000000,0.000000,0.000000,0.000000,0.000000,0.000000,0.000000,0.000000,0.000000,0.000000,0.000000,0.000000,0.000000,0.000000,0.000000,0.000000,0.000000,15.699219,16.664062,15.289062,16.898438,12.800781,13.871094,0.000000,0.000000,0.000000,0.000000,0.000000,0.000000,0.000000,0.000000,0.000000,0.000000,0.000000,0.000000,0.000000,0.000000,0.000000,0.000000,0.000000,0.000000,0.000000,0.000000,0.000000,0.000000,0.000000,0.000000,0.000000,0.000000,0.000000,0.000000,0.000000,0.000000,0.000000,0.000000,0.000000,0.000000,0.000000,0.000000,0.000000,0.000000,0.000000,0.000000,0.000000,0.000000,0.000000,0.000000,0.000000,0.000000,0.000000,0.000000,0.000000,0.000000,0.000000,0.000000,0.000000,0.000000,0.000000,0.000000,0.000000,0.000000,0.000000,0.000000,0.000000,0.000000,0.000000,0.000000,0.000000,0.000000,0.000000,0.000000,0.000000,0.000000,0.000000,0.000000,0.000000,0.000000,0.000000,0.000000,0.000000,0.000000,0.000000,0.000000,0.000000,0.000000,0.000000,0.000000,0.000000,0.000000,0.000000,0.000000,0.000000,0.000000,0.000000,0.000000,0.000000,0.000000,0.000000,0.000000,0.000000,0.000000,0.000000,0.000000,0.000000,0.000000,0.000000,0.000000,0.000000,0.000000,0.000000,0.000000,0.000000,0.000000,0.000000,0.000000,0.000000,0.000000,0.000000,0.000000,0.000000,0.000000,0.000000,0.000000,0.000000,0.000000,0.000000,0.000000,0.000000,0.000000,0.000000,0.000000,0.000000,0.000000,0.000000,0.000000,0.000000,0.000000,0.000000,0.000000,0.000000,0.000000,0.000000,0.000000,0.000000,0.000000,0.000000,0.000000,0.000000,0.000000,0.000000,0.000000,0.000000,0.000000,0.000000,0.000000,
avg_symbol_len: 19.000000,218.996094,5.234375,0.292969,0.609375,2.574219,0.523438,4.371094,
avg_symbol_cnt: 251.601562
avg_hashtable_usage: 13.605469
avg_shortcodes_usage: 237.996094
max_2len_start_chars: 17
avg_2len_start_chars: 17.000000
max_2len_combinations: 18
avg_2len_combinations: 12.882099
0.402
Cycles (1) completed. Stats:
	Parameters:
		Block size: 4194304
		Input size: 1073741824
		Effective table size: 4194304
		File name: ../../thesis-testing/dbtext-inflated-1gb/output_uuid
	Compression:
		Duration (us): 3248509
		Throughput (GB/s): 0.331
		Compressed size: 466410297
	Decompression:
		Duration (us): 1547871
		Throughput (GB/s): 0.694
		Ratio: 2.3021
	Compression phases:
		Table generation (GB/s, us): 1.858 (577993)
		Precomputation (GB/s, us): inf (0)
		Encoding (GB/s, us): 0.402 (2670105)
		Postprocessing (GB/s, us): inf (0)
avg_symbol_2len_start_char: 0.000000,0.000000,0.000000,0.000000,0.000000,0.000000,0.000000,0.000000,0.000000,0.000000,15.000000,0.000000,0.000000,0.000000,0.000000,0.000000,0.000000,0.000000,0.000000,0.000000,0.000000,0.000000,0.000000,0.000000,0.000000,0.000000,0.000000,0.000000,0.000000,0.000000,0.000000,0.000000,0.000000,0.000000,0.000000,0.000000,0.000000,0.000000,0.000000,0.000000,0.000000,0.000000,0.000000,0.000000,0.000000,0.000000,0.000000,0.000000,8.390625,13.796875,13.937500,13.914062,13.980469,13.996094,13.953125,14.167969,13.839844,14.203125,0.000000,0.000000,0.000000,0.000000,0.000000,0.000000,0.000000,14.367188,14.410156,14.039062,14.335938,14.113281,14.550781,0.000000,0.000000,0.000000,0.000000,0.000000,0.000000,0.000000,0.000000,0.000000,0.000000,0.000000,0.000000,0.000000,0.000000,0.000000,0.000000,0.000000,0.000000,0.000000,0.000000,0.000000,0.000000,0.000000,0.000000,0.000000,0.000000,0.000000,0.000000,0.000000,0.000000,0.000000,0.000000,0.000000,0.000000,0.000000,0.000000,0.000000,0.000000,0.000000,0.000000,0.000000,0.000000,0.000000,0.000000,0.000000,0.000000,0.000000,0.000000,0.000000,0.000000,0.000000,0.000000,0.000000,0.000000,0.000000,0.000000,0.000000,0.000000,0.000000,0.000000,0.000000,0.000000,0.000000,0.000000,0.000000,0.000000,0.000000,0.000000,0.000000,0.000000,0.000000,0.000000,0.000000,0.000000,0.000000,0.000000,0.000000,0.000000,0.000000,0.000000,0.000000,0.000000,0.000000,0.000000,0.000000,0.000000,0.000000,0.000000,0.000000,0.000000,0.000000,0.000000,0.000000,0.000000,0.000000,0.000000,0.000000,0.000000,0.000000,0.000000,0.000000,0.000000,0.000000,0.000000,0.000000,0.000000,0.000000,0.000000,0.000000,0.000000,0.000000,0.000000,0.000000,0.000000,0.000000,0.000000,0.000000,0.000000,0.000000,0.000000,0.000000,0.000000,0.000000,0.000000,0.000000,0.000000,0.000000,0.000000,0.000000,0.000000,0.000000,0.000000,0.000000,0.000000,0.000000,0.000000,0.000000,0.000000,0.000000,0.000000,0.000000,0.000000,0.000000,0.000000,0.000000,0.000000,0.000000,0.000000,0.000000,0.000000,0.000000,0.000000,0.000000,0.000000,0.000000,0.000000,0.000000,0.000000,0.000000,0.000000,0.000000,0.000000,0.000000,0.000000,0.000000,0.000000,0.000000,0.000000,0.000000,0.000000,0.000000,0.000000,0.000000,0.000000,0.000000,0.000000,0.000000,0.000000,0.000000,0.000000,0.000000,0.000000,0.000000,0.000000,
avg_symbol_len: 18.000000,234.996094,0.003906,0.000000,0.000000,0.000000,0.000000,0.000000,
avg_symbol_cnt: 253.000000
avg_hashtable_usage: 0.003906
avg_shortcodes_usage: 252.996094
max_2len_start_chars: 17
avg_2len_start_chars: 17.000000
max_2len_combinations: 17
avg_2len_combinations: 13.823271
0.376
Cycles (1) completed. Stats:
	Parameters:
		Block size: 4194304
		Input size: 1073741824
		Effective table size: 4194304
		File name: ../../thesis-testing/dbtext-inflated-1gb/output_hex
	Compression:
		Duration (us): 3632297
		Throughput (GB/s): 0.296
		Compressed size: 582521524
	Decompression:
		Duration (us): 1487941
		Throughput (GB/s): 0.722
		Ratio: 1.8433
	Compression phases:
		Table generation (GB/s, us): 1.378 (779118)
		Precomputation (GB/s, us): inf (0)
		Encoding (GB/s, us): 0.376 (2852790)
		Postprocessing (GB/s, us): inf (0)