avg_symbol_2len_start_char: 0.000000,0.000000,0.000000,0.000000,0.000000,0.000000,0.000000,0.000000,0.000000,0.000000,10.974576,0.000000,0.000000,0.000000,0.000000,0.000000,0.000000,0.000000,0.000000,0.000000,0.000000,0.000000,0.000000,0.000000,0.000000,0.000000,0.000000,0.000000,0.000000,0.000000,0.000000,0.000000,8.843221,0.000000,0.000000,0.000000,0.000000,0.000000,0.000000,0.000000,0.000000,0.000000,0.000000,0.000000,1.000000,0.000000,1.012712,0.000000,0.000000,0.000000,0.000000,0.000000,0.000000,0.000000,0.000000,0.000000,0.000000,0.000000,0.000000,0.000000,0.000000,0.000000,0.000000,0.000000,0.000000,0.000000,0.000000,0.000000,0.000000,0.000000,0.000000,0.000000,0.000000,0.000000,0.000000,0.000000,0.000000,0.000000,0.000000,0.000000,0.000000,0.000000,0.000000,0.000000,0.000000,0.000000,0.000000,0.000000,0.000000,0.000000,0.000000,0.000000,0.000000,0.000000,0.000000,0.000000,0.000000,4.847457,0.889831,5.266949,2.025424,3.847458,2.228814,0.847458,0.788136,4.288136,0.008475,0.377119,4.911017,0.275424,1.182203,3.360169,1.919492,0.385593,5.076271,3.406780,3.775424,3.372881,0.949153,0.504237,0.084746,1.864407,0.000000,0.000000,0.000000,0.000000,0.000000,0.000000,0.000000,0.000000,0.000000,0.000000,0.000000,0.000000,0.000000,0.000000,0.000000,0.000000,0.000000,0.000000,0.000000,0.000000,0.000000,0.000000,0.000000,0.000000,0.000000,0.000000,0.000000,0.000000,0.000000,0.000000,0.000000,0.000000,0.000000,0.000000,0.000000,0.000000,0.000000,0.000000,0.000000,0.000000,0.000000,0.000000,0.000000,0.000000,0.000000,0.000000,0.000000,0.000000,0.000000,0.000000,0.000000,0.000000,0.000000,0.000000,0.000000,0.000000,0.000000,0.000000,0.000000,0.000000,0.000000,0.000000,0.000000,0.000000,0.000000,0.000000,0.000000,0.000000,0.000000,0.000000,0.000000,0.000000,0.000000,0.000000,0.000000,0.000000,0.000000,0.000000,0.000000,0.000000,0.000000,0.000000,0.000000,0.000000,0.000000,0.000000,0.000000,0.000000,0.000000,0.000000,0.000000,0.000000,0.000000,0.000000,0.000000,0.000000,0.000000,0.000000,0.000000,0.000000,0.000000,0.000000,0.000000,0.000000,0.000000,0.000000,0.000000,0.000000,0.000000,0.000000,0.000000,0.000000,0.000000,0.000000,0.000000,0.000000,0.000000,0.000000,0.000000,0.000000,0.000000,0.000000,0.000000,0.000000,0.000000,0.000000,0.000000,0.000000,0.000000,0.000000,0.000000,0.000000,0.000000,
avg_symbol_len: 36.728813,78.313560,24.953390,15.072034,19.881355,21.250000,14.495763,36.788136,
avg_symbol_cnt: 247.483047
avg_hashtable_usage: 132.440674
avg_shortcodes_usage: 115.042374
max_2len_start_chars: 26
avg_2len_start_chars: 23.152542
max_2len_combinations: 15
avg_2len_combinations: 3.391808
0.371
Cycles (1) completed. Stats:
	Parameters:
		Block size: 4194304
		Input size: 989855744
		Effective table size: 4194304
		File name: ../../thesis-testing/lineitem-1gb/lineitem-comments-1gb-1.txt
	Compression:
		Duration (us): 2980711
		Throughput (GB/s): 0.332
		Compressed size: 351844712
	Decompression:
		Duration (us): 2177352
		Throughput (GB/s): 0.455
		Ratio: 2.8133
	Compression phases:
		Table generation (GB/s, us): 3.141 (315096)
		Precomputation (GB/s, us): inf (0)
		Encoding (GB/s, us): 0.371 (2665263)
		Postprocessing (GB/s, us): inf (0)
avg_symbol_2len_start_char: 0.000000,0.000000,0.000000,0.000000,0.000000,0.000000,0.000000,0.000000,0.000000,0.000000,0.017699,0.000000,0.000000,0.000000,0.000000,0.000000,0.000000,0.000000,0.000000,0.000000,0.000000,0.000000,0.000000,0.000000,0.000000,0.000000,0.000000,0.000000,0.000000,0.000000,0.000000,0.000000,0.000000,0.000000,0.000000,0.008850,0.000000,0.000000,0.000000,0.000000,0.000000,0.000000,0.000000,0.000000,0.000000,0.000000,0.000000,0.000000,3.522124,3.699115,4.026549,4.588496,3.672566,4.075221,3.907080,4.606194,3.738938,3.938053,0.000000,0.000000,0.000000,0.000000,0.000000,0.000000,0.000000,0.000000,0.000000,0.013274,0.000000,0.000000,0.000000,0.000000,0.000000,0.000000,0.000000,0.000000,0.000000,0.000000,0.000000,0.000000,0.000000,0.000000,0.000000,0.000000,0.000000,0.000000,0.000000,0.000000,0.000000,0.000000,0.000000,0.000000,0.000000,0.000000,0.000000,0.000000,0.000000,0.000000,0.000000,0.000000,0.000000,0.030973,0.000000,0.000000,0.000000,0.000000,0.000000,0.000000,0.000000,0.053097,0.000000,0.048673,0.000000,0.000000,0.017699,0.004425,0.057522,0.000000,0.000000,0.000000,0.000000,0.000000,0.000000,0.000000,0.000000,0.000000,0.000000,0.000000,0.000000,0.000000,0.000000,0.000000,0.000000,0.000000,0.000000,0.000000,0.000000,0.000000,0.000000,0.000000,0.000000,0.000000,0.000000,0.000000,0.000000,0.000000,0.000000,0.000000,0.000000,0.000000,0.000000,0.000000,0.000000,0.000000,0.000000,0.000000,0.000000,0.000000,0.000000,0.000000,0.000000,0.000000,0.000000,0.000000,0.000000,0.000000,0.000000,0.000000,0.000000,0.000000,0.000000,0.000000,0.000000,0.000000,0.000000,0.000000,0.000000,0.000000,0.000000,0.000000,0.000000,0.000000,0.000000,0.000000,0.000000,0.000000,0.000000,0.000000,0.000000,0.000000,0.000000,0.000000,0.000000,0.000000,0.000000,0.000000,0.000000,0.000000,0.000000,0.000000,0.000000,0.000000,0.000000,0.000000,0.000000,0.000000,0.000000,0.000000,0.000000,0.000000,0.000000,0.000000,0.000000,0.000000,0.000000,0.000000,0.000000,0.000000,0.000000,0.000000,0.000000,0.000000,0.000000,0.000000,0.000000,0.000000,0.000000,0.000000,0.000000,0.000000,0.000000,0.000000,0.000000,0.000000,0.000000,0.000000,0.000000,0.000000,0.000000,0.000000,0.000000,0.000000,0.000000,0.000000,0.000000,0.000000,0.000000,0.000000,0.000000,0.000000,0.000000,0.000000,0.000000,0.000000,0.000000,
avg_symbol_len: 20.977877,40.026550,53.292034,22.530973,21.880531,27.030973,1.309734,48.588497,
avg_symbol_cnt: 235.637161
avg_hashtable_usage: 174.632736
avg_shortcodes_usage: 61.004425
max_2len_start_chars: 15
avg_2len_start_chars: 10.176991
max_2len_combinations: 10
avg_2len_combinations: 3.962691
0.642
Cycles (1) completed. Stats:
	Parameters:
		Block size: 4194304
		Input size: 947912704
		Effective table size: 4194304
		File name: ../../thesis-testing/customer-1gb/customer-id-1gb-1.txt
	Compression:
		Duration (us): 1675978
		Throughput (GB/s): 0.566
		Compressed size: 266287164
	Decompression:
		Duration (us): 813721
		Throughput (GB/s): 1.165
		Ratio: 3.5597
	Compression phases:
		Table generation (GB/s, us): 4.785 (198108)
		Precomputation (GB/s, us): inf (0)
		Encoding (GB/s, us): 0.642 (1477548)
		Postprocessing (GB/s, us): inf (0)

avg_symbol_2len_start_char: 0.000000,0.000000,0.000000,0.000000,0.000000,0.000000,0.000000,0.000000,0.000000,0.000000,3.554688,0.000000,0.000000,0.000000,0.000000,0.000000,0.000000,0.000000,0.000000,0.000000,0.000000,0.000000,0.000000,0.000000,0.000000,0.000000,0.000000,0.000000,0.000000,0.000000,0.000000,0.000000,1.699219,0.000000,0.000000,0.000000,0.000000,0.000000,0.000000,0.015625,0.000000,0.011719,0.000000,0.000000,1.000000,0.019531,0.000000,0.000000,0.000000,0.000000,0.000000,0.000000,0.000000,0.000000,0.000000,0.000000,0.000000,0.000000,0.000000,0.000000,0.000000,0.000000,0.000000,0.000000,0.000000,0.488281,0.914062,1.164062,0.062500,0.050781,0.109375,0.519531,0.000000,0.519531,0.523438,0.488281,0.523438,1.046875,0.410156,0.003906,0.148438,0.082031,0.019531,0.390625,0.625000,0.023438,0.000000,0.273438,0.000000,0.003906,0.031250,0.000000,0.000000,0.000000,0.000000,0.000000,0.000000,6.343750,0.660156,1.507812,1.578125,4.937500,0.035156,0.859375,2.000000,3.359375,0.480469,0.851562,2.367188,0.804688,2.167969,4.718750,0.238281,0.015625,2.824219,1.414062,2.269531,1.609375,0.148438,0.527344,0.000000,1.031250,0.140625,0.000000,0.000000,0.000000,0.000000,0.000000,0.000000,0.000000,0.000000,0.000000,0.000000,0.000000,0.000000,0.000000,0.000000,0.000000,0.000000,0.000000,0.000000,0.000000,0.000000,0.000000,0.000000,0.000000,0.000000,0.000000,0.000000,0.000000,0.000000,0.000000,0.000000,0.000000,0.000000,0.000000,0.000000,0.000000,0.000000,0.000000,0.000000,0.000000,0.000000,0.000000,0.000000,0.000000,0.000000,0.000000,0.000000,0.000000,0.000000,0.000000,0.000000,0.000000,0.000000,0.000000,0.000000,0.000000,0.000000,0.000000,0.000000,0.000000,0.000000,0.000000,0.000000,0.000000,0.000000,0.000000,0.000000,0.000000,0.000000,0.000000,0.000000,0.000000,0.000000,0.000000,0.000000,0.000000,0.000000,0.000000,0.000000,0.000000,0.000000,0.000000,0.000000,0.000000,0.000000,0.000000,0.000000,0.000000,0.000000,0.000000,0.000000,0.000000,0.000000,0.000000,0.000000,0.000000,0.000000,0.000000,0.000000,0.000000,0.000000,0.000000,0.000000,0.000000,0.000000,0.000000,0.000000,0.000000,0.000000,0.000000,0.000000,0.000000,0.000000,0.000000,0.000000,0.000000,0.000000,0.000000,0.000000,0.000000,0.000000,0.000000,0.000000,0.000000,0.000000,0.000000,0.000000,0.000000,0.000000,0.000000,0.000000,0.000000,0.000000,
avg_symbol_len: 62.960938,57.613281,25.187500,15.535156,16.839844,15.125000,10.179688,28.667969,
avg_symbol_cnt: 232.109375
avg_hashtable_usage: 111.535156
avg_shortcodes_usage: 120.574219
max_2len_start_chars: 34
avg_2len_start_chars: 27.164062
max_2len_combinations: 11
avg_2len_combinations: 2.131156
0.486
Cycles (1) completed. Stats:
	Parameters:
		Block size: 4194304
		Input size: 1073741824
		Effective table size: 4194304
		File name: ../../thesis-testing/gdelt-locations-inflated-1gb/output_locations.txt
	Compression:
		Duration (us): 2481360
		Throughput (GB/s): 0.433
		Compressed size: 457615274
	Decompression:
		Duration (us): 977799
		Throughput (GB/s): 1.098
		Ratio: 2.3464
	Compression phases:
		Table generation (GB/s, us): 3.966 (270751)
		Precomputation (GB/s, us): inf (0)
		Encoding (GB/s, us): 0.486 (2210230)
		Postprocessing (GB/s, us): inf (0)


avg_symbol_2len_start_char: 0.000000,0.000000,0.000000,0.000000,0.000000,0.000000,0.000000,0.000000,0.000000,0.000000,6.429688,0.000000,0.000000,0.000000,0.000000,0.000000,0.000000,0.000000,0.000000,0.000000,0.000000,0.000000,0.000000,0.000000,0.000000,0.000000,0.000000,0.000000,0.000000,0.000000,0.000000,0.000000,0.000000,0.000000,0.000000,0.000000,0.000000,0.000000,0.000000,0.000000,0.000000,0.000000,0.000000,0.000000,0.000000,0.000000,2.738281,0.000000,0.781250,2.093750,0.980469,0.421875,0.433594,0.433594,0.316406,0.410156,0.371094,0.382812,0.000000,0.000000,0.000000,0.000000,0.000000,0.000000,1.386719,0.000000,0.000000,0.000000,0.000000,0.000000,0.000000,0.000000,0.000000,0.000000,0.000000,0.000000,0.000000,0.000000,0.000000,0.000000,0.000000,0.000000,0.000000,0.000000,0.000000,0.000000,0.000000,0.000000,0.000000,0.000000,0.000000,0.000000,0.000000,0.000000,0.000000,0.023438,0.000000,7.828125,4.761719,4.906250,4.593750,7.031250,1.714844,4.050781,3.570312,7.332031,1.718750,3.605469,6.574219,6.382812,7.984375,6.023438,3.300781,0.003906,5.882812,7.718750,6.601562,5.039062,2.691406,1.968750,0.433594,1.992188,0.261719,0.000000,0.000000,0.000000,0.000000,0.000000,0.000000,0.000000,0.000000,0.000000,0.000000,0.000000,0.000000,0.000000,0.000000,0.000000,0.000000,0.000000,0.000000,0.000000,0.000000,0.000000,0.000000,0.000000,0.000000,0.000000,0.000000,0.000000,0.000000,0.000000,0.000000,0.000000,0.000000,0.000000,0.000000,0.000000,0.000000,0.000000,0.000000,0.000000,0.000000,0.000000,0.000000,0.000000,0.000000,0.000000,0.000000,0.000000,0.000000,0.000000,0.000000,0.000000,0.000000,0.000000,0.000000,0.000000,0.000000,0.000000,0.000000,0.000000,0.000000,0.000000,0.000000,0.000000,0.000000,0.000000,0.000000,0.000000,0.000000,0.000000,0.000000,0.000000,0.000000,0.000000,0.000000,0.000000,0.000000,0.000000,0.000000,0.000000,0.000000,0.000000,0.000000,0.000000,0.000000,0.000000,0.000000,0.000000,0.000000,0.000000,0.000000,0.000000,0.000000,0.000000,0.000000,0.000000,0.000000,0.000000,0.000000,0.000000,0.000000,0.000000,0.000000,0.000000,0.000000,0.000000,0.000000,0.000000,0.000000,0.000000,0.000000,0.000000,0.000000,0.000000,0.000000,0.000000,0.000000,0.000000,0.000000,0.000000,0.000000,0.000000,0.000000,0.000000,0.000000,0.000000,0.000000,0.000000,0.000000,0.000000,0.000000,0.000000,0.000000,
avg_symbol_len: 42.222656,131.175781,19.496094,4.871094,6.875000,9.253906,3.343750,24.187500,
avg_symbol_cnt: 241.425781
avg_hashtable_usage: 68.027344
avg_shortcodes_usage: 173.398438
max_2len_start_chars: 37
avg_2len_start_chars: 31.390625
max_2len_combinations: 13
avg_2len_combinations: 4.192842
0.310
Cycles (1) completed. Stats:
	Parameters:
		Block size: 4194304
		Input size: 1073741824
		Effective table size: 4194304
		File name: ../../thesis-testing/dbtext-inflated-1gb/output_email
	Compression:
		Duration (us): 4022120
		Throughput (GB/s): 0.267
		Compressed size: 524028621
	Decompression:
		Duration (us): 2520473
		Throughput (GB/s): 0.426
		Ratio: 2.0490
	Compression phases:
		Table generation (GB/s, us): 1.916 (560533)
		Precomputation (GB/s, us): inf (0)
		Encoding (GB/s, us): 0.310 (3461211)
		Postprocessing (GB/s, us): inf (0)
avg_symbol_2len_start_char: 0.000000,0.000000,0.000000,0.000000,0.000000,0.000000,0.000000,0.000000,0.000000,0.000000,10.273438,0.000000,0.000000,0.000000,0.000000,0.000000,0.000000,0.000000,0.000000,0.000000,0.000000,0.000000,0.000000,0.000000,0.000000,0.000000,0.000000,0.000000,0.000000,0.000000,0.000000,0.000000,0.000000,0.000000,0.000000,0.000000,0.000000,0.000000,0.000000,0.000000,0.000000,1.000000,0.000000,0.000000,1.000000,0.000000,0.957031,0.000000,0.011719,0.613281,0.003906,0.000000,0.000000,0.000000,0.000000,0.000000,0.000000,0.000000,0.000000,0.000000,0.000000,0.000000,0.000000,0.000000,0.000000,0.058594,0.425781,2.128906,0.253906,0.000000,0.046875,0.183594,0.433594,0.289062,0.296875,0.074219,0.496094,1.351562,0.492188,0.000000,0.394531,0.000000,0.441406,0.609375,0.191406,0.000000,0.039062,0.324219,0.000000,0.000000,0.000000,0.000000,0.000000,0.000000,0.000000,10.292969,0.000000,10.574219,1.460938,4.910156,4.660156,9.050781,0.371094,2.175781,4.375000,9.789062,0.000000,2.562500,6.148438,3.523438,9.097656,10.105469,2.601562,0.007812,6.859375,6.285156,7.566406,6.367188,2.488281,0.906250,0.000000,2.035156,0.003906,0.000000,0.000000,0.000000,0.000000,0.000000,0.000000,0.000000,0.000000,0.000000,0.000000,0.000000,0.000000,0.000000,0.000000,0.000000,0.000000,0.000000,0.000000,0.000000,0.000000,0.000000,0.000000,0.000000,0.000000,0.000000,0.000000,0.000000,0.000000,0.000000,0.000000,0.000000,0.000000,0.000000,0.000000,0.000000,0.000000,0.000000,0.000000,0.000000,0.000000,0.000000,0.000000,0.000000,0.000000,0.000000,0.000000,0.000000,0.000000,0.000000,0.000000,0.000000,0.000000,0.000000,0.000000,0.000000,0.000000,0.000000,0.000000,0.000000,0.000000,0.000000,0.000000,0.000000,0.000000,0.000000,0.000000,0.000000,0.000000,0.000000,0.000000,0.000000,0.000000,0.035156,0.000000,0.000000,0.000000,0.000000,0.000000,0.000000,0.000000,0.000000,0.000000,0.000000,0.000000,0.000000,0.000000,0.000000,0.000000,0.000000,0.000000,0.000000,0.000000,0.000000,0.000000,0.000000,0.000000,0.000000,0.000000,0.000000,0.000000,0.000000,0.000000,0.000000,0.000000,0.000000,0.000000,0.000000,0.000000,0.000000,0.000000,0.000000,0.000000,0.000000,0.000000,0.000000,0.000000,0.000000,0.000000,0.000000,0.000000,0.000000,0.000000,0.000000,0.000000,0.000000,0.000000,0.000000,0.000000,0.000000,0.000000,0.000000,0.000000,
avg_symbol_len: 67.316406,146.644531,30.515625,3.867188,2.558594,0.972656,0.816406,0.308594,
avg_symbol_cnt: 253.000000
avg_hashtable_usage: 39.039062
avg_shortcodes_usage: 213.960938
max_2len_start_chars: 38
avg_2len_start_chars: 33.144531
max_2len_combinations: 19
avg_2len_combinations: 4.437079
0.251
Cycles (1) completed. Stats:
	Parameters:
		Block size: 4194304
		Input size: 1073741824
		Effective table size: 4194304
		File name: ../../thesis-testing/dbtext-inflated-1gb/output_yago
	Compression:
		Duration (us): 4949585
		Throughput (GB/s): 0.217
		Compressed size: 682256807
	Decompression:
		Duration (us): 2810173
		Throughput (GB/s): 0.382
		Ratio: 1.5738
	Compression phases:
		Table generation (GB/s, us): 1.605 (669042)
		Precomputation (GB/s, us): inf (0)
		Encoding (GB/s, us): 0.251 (4280107)
		Postprocessing (GB/s, us): inf (0)
avg_symbol_2len_start_char: 0.000000,0.000000,0.000000,0.000000,0.000000,0.000000,0.000000,0.000000,0.000000,0.000000,8.308594,0.000000,0.000000,0.000000,0.000000,0.000000,0.000000,0.000000,0.000000,0.000000,0.000000,0.000000,0.000000,0.000000,0.000000,0.000000,0.000000,0.000000,0.000000,0.000000,0.000000,0.000000,0.000000,0.000000,0.000000,0.000000,0.000000,0.000000,0.000000,0.000000,0.000000,1.000000,0.000000,0.000000,1.000000,0.000000,0.617188,0.003906,0.031250,0.953125,0.437500,0.000000,0.000000,0.000000,0.000000,0.000000,0.000000,0.000000,0.000000,0.000000,0.000000,0.000000,0.000000,0.000000,0.000000,0.148438,0.140625,1.230469,0.167969,0.000000,0.011719,0.015625,0.214844,0.289062,0.062500,0.000000,0.765625,0.710938,0.148438,0.000000,0.269531,0.000000,0.890625,0.171875,0.054688,0.000000,0.007812,0.367188,0.000000,0.000000,0.000000,0.000000,0.000000,0.000000,0.000000,7.937500,0.000000,9.875000,1.855469,5.410156,4.105469,8.523438,0.292969,2.222656,3.910156,8.605469,0.000000,1.609375,5.847656,3.773438,8.449219,8.566406,2.894531,0.007812,6.015625,7.335938,7.289062,5.535156,2.210938,0.660156,0.000000,1.992188,0.000000,0.000000,0.000000,0.000000,0.000000,0.000000,0.000000,0.000000,0.000000,0.000000,0.000000,0.000000,0.000000,0.000000,0.000000,0.000000,0.000000,0.000000,0.000000,0.000000,0.000000,0.000000,0.000000,0.000000,0.000000,0.000000,0.000000,0.000000,0.000000,0.000000,0.000000,0.000000,0.000000,0.000000,0.000000,0.000000,0.000000,0.000000,0.000000,0.000000,0.000000,0.000000,0.000000,0.000000,0.000000,0.000000,0.000000,0.000000,0.000000,0.000000,0.000000,0.000000,0.000000,0.000000,0.000000,0.000000,0.000000,0.000000,0.000000,0.000000,0.000000,0.000000,0.000000,0.000000,0.000000,0.000000,0.000000,0.000000,0.000000,0.000000,0.000000,0.000000,0.000000,0.000000,0.000000,0.000000,0.000000,0.000000,0.000000,0.000000,0.000000,0.000000,0.000000,0.000000,0.000000,0.000000,0.000000,0.000000,0.000000,0.000000,0.000000,0.000000,0.000000,0.000000,0.000000,0.000000,0.000000,0.000000,0.000000,0.000000,0.000000,0.000000,0.000000,0.000000,0.000000,0.000000,0.000000,0.000000,0.000000,0.000000,0.000000,0.000000,0.000000,0.000000,0.000000,0.000000,0.000000,0.000000,0.000000,0.000000,0.000000,0.000000,0.000000,0.000000,0.000000,0.000000,0.000000,0.000000,0.000000,0.000000,0.000000,0.000000,0.000000,
avg_symbol_len: 72.835938,132.945312,27.250000,6.164062,6.078125,1.250000,2.089844,4.386719,
avg_symbol_cnt: 253.000000
avg_hashtable_usage: 47.218750
avg_shortcodes_usage: 205.781250
max_2len_start_chars: 37
avg_2len_start_chars: 31.644531
max_2len_combinations: 13
avg_2len_combinations: 4.215173
0.253
Cycles (1) completed. Stats:
	Parameters:
		Block size: 4194304
		Input size: 1073741824
		Effective table size: 4194304
		File name: ../../thesis-testing/dbtext-inflated-1gb/output_wiki
	Compression:
		Duration (us): 4907018
		Throughput (GB/s): 0.219
		Compressed size: 672735187
	Decompression:
		Duration (us): 2834369
		Throughput (GB/s): 0.379
		Ratio: 1.5961
	Compression phases:
		Table generation (GB/s, us): 1.636 (656136)
		Precomputation (GB/s, us): inf (0)
		Encoding (GB/s, us): 0.253 (4250414)
		Postprocessing (GB/s, us): inf (0)
avg_symbol_2len_start_char: 0.000000,0.000000,0.000000,0.000000,0.000000,0.000000,0.000000,0.000000,0.000000,0.000000,0.007812,0.000000,0.000000,0.000000,0.000000,0.000000,0.000000,0.000000,0.000000,0.000000,0.000000,0.000000,0.000000,0.000000,0.000000,0.000000,0.000000,0.000000,0.000000,0.000000,0.000000,0.000000,0.000000,0.000000,0.000000,0.000000,0.000000,0.066406,0.019531,0.000000,0.000000,0.000000,0.000000,0.000000,0.070312,0.929688,1.031250,4.367188,0.890625,1.699219,0.855469,0.031250,0.011719,0.015625,0.007812,0.015625,0.003906,0.023438,0.000000,0.000000,0.000000,0.031250,0.000000,0.000000,0.000000,0.054688,0.000000,0.199219,0.000000,0.003906,0.000000,0.003906,0.000000,0.000000,0.000000,0.000000,0.003906,0.207031,0.000000,0.000000,0.015625,0.000000,0.003906,0.007812,0.011719,0.000000,0.000000,0.000000,0.000000,0.000000,0.000000,0.000000,0.000000,0.000000,0.000000,2.742188,0.000000,8.406250,2.949219,5.167969,3.269531,7.960938,1.464844,2.718750,3.175781,7.832031,0.003906,0.605469,4.875000,2.941406,6.132812,6.269531,3.890625,0.015625,4.777344,8.750000,6.636719,4.625000,2.054688,0.609375,0.000000,0.613281,0.003906,0.000000,0.000000,0.000000,0.000000,0.000000,0.000000,0.000000,0.000000,0.000000,0.000000,0.000000,0.000000,0.000000,0.000000,0.000000,0.000000,0.000000,0.000000,0.000000,0.000000,0.000000,0.000000,0.000000,0.000000,0.000000,0.000000,0.000000,0.000000,0.000000,0.000000,0.000000,0.000000,0.000000,0.000000,0.000000,0.000000,0.000000,0.000000,0.000000,0.000000,0.000000,0.000000,0.000000,0.000000,0.000000,0.000000,0.000000,0.000000,0.000000,0.000000,0.000000,0.000000,0.000000,0.000000,0.000000,0.000000,0.000000,0.000000,0.000000,0.000000,0.000000,0.000000,0.000000,0.000000,0.000000,0.000000,0.000000,0.000000,0.000000,0.000000,0.000000,0.000000,0.000000,0.000000,0.000000,0.000000,0.000000,0.000000,0.000000,0.000000,0.000000,0.000000,0.000000,0.000000,0.000000,0.000000,0.000000,0.000000,0.000000,0.000000,0.000000,0.000000,0.000000,0.000000,0.000000,0.000000,0.000000,0.000000,0.000000,0.000000,0.000000,0.000000,0.000000,0.000000,0.000000,0.000000,0.000000,0.000000,0.000000,0.000000,0.000000,0.000000,0.000000,0.000000,0.000000,0.000000,0.000000,0.000000,0.000000,0.000000,0.000000,0.000000,0.000000,0.000000,0.000000,0.000000,0.000000,0.000000,0.000000,0.000000,0.000000,0.000000,
avg_symbol_len: 75.531250,109.082031,16.597656,6.601562,12.082031,3.730469,6.644531,22.433594,
avg_symbol_cnt: 252.703125
avg_hashtable_usage: 68.089844
avg_shortcodes_usage: 184.613281
max_2len_start_chars: 30
avg_2len_start_chars: 26.679688
max_2len_combinations: 12
avg_2len_combinations: 4.098840
0.332
Cycles (1) completed. Stats:
	Parameters:
		Block size: 4194304
		Input size: 1073741824
		Effective table size: 4194304
		File name: ../../thesis-testing/dbtext-inflated-1gb/output_urls2
	Compression:
		Duration (us): 3753078
		Throughput (GB/s): 0.286
		Compressed size: 517808976
	Decompression:
		Duration (us): 2201870
		Throughput (GB/s): 0.488
		Ratio: 2.0736
	Compression phases:
		Table generation (GB/s, us): 2.088 (514303)
		Precomputation (GB/s, us): inf (0)
		Encoding (GB/s, us): 0.332 (3238313)
		Postprocessing (GB/s, us): inf (0)
avg_symbol_2len_start_char: 0.000000,0.000000,0.000000,0.000000,0.000000,0.000000,0.000000,0.000000,0.000000,0.000000,0.000000,0.000000,0.000000,0.000000,0.000000,0.000000,0.000000,0.000000,0.000000,0.000000,0.000000,0.000000,0.000000,0.000000,0.000000,0.000000,0.000000,0.000000,0.000000,0.000000,0.000000,0.000000,0.000000,0.000000,0.000000,0.000000,0.000000,0.000000,0.000000,0.000000,0.000000,0.000000,0.000000,0.000000,0.000000,2.988281,1.105469,3.671875,4.222656,4.113281,4.371094,2.257812,1.769531,2.003906,1.074219,0.984375,0.890625,0.949219,5.718750,0.000000,0.000000,0.000000,0.000000,0.000000,0.000000,0.046875,0.000000,0.000000,0.000000,0.000000,0.003906,0.007812,0.000000,0.000000,0.000000,0.000000,0.000000,0.015625,0.000000,0.000000,0.007812,0.000000,0.000000,0.000000,2.824219,0.000000,0.000000,0.003906,0.000000,0.000000,0.000000,0.000000,0.000000,0.000000,0.000000,0.093750,0.000000,5.445312,0.003906,3.593750,0.957031,4.238281,0.000000,1.500000,0.761719,2.683594,0.003906,0.070312,3.691406,1.687500,2.164062,2.699219,0.316406,0.828125,2.761719,3.492188,1.941406,2.105469,1.078125,1.128906,0.000000,0.050781,0.000000,0.000000,0.000000,0.000000,0.000000,0.000000,0.000000,0.000000,0.000000,0.000000,0.000000,0.000000,0.000000,0.000000,0.000000,0.000000,0.000000,0.000000,0.000000,0.000000,0.000000,0.000000,0.000000,0.000000,0.000000,0.000000,0.000000,0.000000,0.000000,0.000000,0.000000,0.000000,0.000000,0.000000,0.000000,0.000000,0.000000,0.000000,0.000000,0.000000,0.000000,0.000000,0.000000,0.000000,0.000000,0.000000,0.000000,0.000000,0.000000,0.000000,0.000000,0.000000,0.000000,0.000000,0.000000,0.000000,0.000000,0.000000,0.000000,0.000000,0.000000,0.000000,0.000000,0.000000,0.000000,0.000000,0.000000,0.000000,0.000000,0.000000,0.000000,0.000000,0.000000,0.000000,0.000000,0.000000,0.000000,0.000000,0.000000,0.000000,0.000000,0.000000,0.000000,0.000000,0.000000,0.000000,0.000000,0.000000,0.000000,0.000000,0.000000,0.000000,0.000000,0.000000,0.000000,0.000000,0.000000,0.000000,0.000000,0.000000,0.000000,0.000000,0.058594,0.011719,0.000000,0.000000,0.000000,0.000000,0.000000,0.000000,0.000000,0.000000,0.000000,0.000000,0.000000,0.000000,0.000000,0.000000,0.000000,0.000000,0.000000,0.000000,0.000000,0.000000,0.000000,0.000000,0.000000,0.000000,0.000000,0.000000,0.000000,0.000000,0.000000,
avg_symbol_len: 79.871094,82.398438,18.703125,9.277344,20.757812,6.167969,6.750000,28.992188,
avg_symbol_cnt: 252.917969
avg_hashtable_usage: 90.648438
avg_shortcodes_usage: 162.269531
max_2len_start_chars: 34
avg_2len_start_chars: 30.460938
max_2len_combinations: 9
avg_2len_combinations: 2.710089
0.418
Cycles (1) completed. Stats:
	Parameters:
		Block size: 4194304
		Input size: 1073741824
		Effective table size: 4194304
		File name: ../../thesis-testing/dbtext-inflated-1gb/output_urls
	Compression:
		Duration (us): 2944930
		Throughput (GB/s): 0.365
		Compressed size: 437965721
	Decompression:
		Duration (us): 1580451
		Throughput (GB/s): 0.679
		Ratio: 2.4517
	Compression phases:
		Table generation (GB/s, us): 2.877 (373157)
		Precomputation (GB/s, us): inf (0)
		Encoding (GB/s, us): 0.418 (2571351)
		Postprocessing (GB/s, us): inf (0)
avg_symbol_2len_start_char: 0.000000,0.000000,0.000000,0.000000,0.000000,0.000000,0.000000,0.000000,0.000000,0.000000,0.000000,0.000000,0.000000,0.000000,0.000000,0.000000,0.000000,0.000000,0.000000,0.000000,0.000000,0.000000,0.000000,0.000000,0.000000,0.000000,0.000000,0.000000,0.000000,0.000000,0.000000,0.000000,0.000000,0.000000,0.000000,0.000000,0.000000,0.000000,0.000000,0.000000,0.000000,0.000000,0.000000,0.000000,0.000000,11.867188,0.000000,0.000000,8.300781,10.367188,7.574219,11.070312,9.660156,11.503906,8.722656,11.839844,8.386719,15.480469,0.000000,0.000000,0.000000,0.000000,0.000000,0.000000,0.000000,0.000000,0.000000,0.000000,0.000000,0.000000,0.000000,0.000000,0.000000,0.000000,0.000000,0.000000,0.000000,0.000000,0.000000,0.000000,0.000000,0.000000,0.000000,0.000000,0.000000,0.000000,0.000000,0.000000,0.000000,0.000000,0.000000,0.000000,0.000000,0.000000,0.000000,0.000000,0.000000,15.609375,16.023438,14.089844,16.171875,10.511719,11.714844,0.000000,0.000000,0.000000,0.000000,0.000000,0.000000,0.000000,0.000000,0.000000,0.000000,0.000000,0.000000,0.000000,0.000000,0.000000,0.000000,0.000000,0.000000,0.000000,0.000000,0.000000,0.000000,0.000000,0.000000,0.000000,0.000000,0.000000,0.000000,0.000000,0.000000,0.000000,0.000000,0.000000,0.000000,0.000000,0.000000,0.000000,0.000000,0.000000,0.000000,0.000000,0.000000,0.000000,0.000000,0.000000,0.000000,0.000000,0.000000,0.000000,0.000000,0.000000,0.000000,0.000000,0.000000,0.000000,0.000000,0.000000,0.000000,0.000000,0.000000,0.000000,0.000000,0.000000,0.000000,0.000000,0.000000,0.000000,0.000000,0.000000,0.000000,0.000000,0.000000,0.000000,0.000000,0.000000,0.000000,0.000000,0.000000,0.000000,0.000000,0.000000,0.000000,0.000000,0.000000,0.000000,0.000000,0.000000,0.000000,0.000000,0.000000,0.000000,0.000000,0.000000,0.000000,0.000000,0.000000,0.000000,0.000000,0.000000,0.000000,0.000000,0.000000,0.000000,0.000000,0.000000,0.000000,0.000000,0.000000,0.000000,0.000000,0.000000,0.000000,0.000000,0.000000,0.000000,0.000000,0.000000,0.000000,0.000000,0.000000,0.000000,0.000000,0.000000,0.000000,0.000000,0.000000,0.000000,0.000000,0.000000,0.000000,0.000000,0.000000,0.000000,0.000000,0.000000,0.000000,0.000000,0.000000,0.000000,0.000000,0.000000,0.000000,0.000000,0.000000,0.000000,0.000000,0.000000,0.000000,0.000000,0.000000,0.000000,0.000000,
avg_symbol_len: 19.000000,198.894531,2.777344,16.648438,0.398438,3.695312,1.031250,10.109375,
avg_symbol_cnt: 252.554688
avg_hashtable_usage: 34.660156
avg_shortcodes_usage: 217.894531
max_2len_start_chars: 17
avg_2len_start_chars: 17.000000
max_2len_combinations: 17
avg_2len_combinations: 11.699656
0.437
Cycles (1) completed. Stats:
	Parameters:
		Block size: 4194304
		Input size: 1073741824
		Effective table size: 4194304
		File name: ../../thesis-testing/dbtext-inflated-1gb/output_uuid
	Compression:
		Duration (us): 3022603
		Throughput (GB/s): 0.355
		Compressed size: 448934090
	Decompression:
		Duration (us): 1396324
		Throughput (GB/s): 0.769
		Ratio: 2.3918
	Compression phases:
		Table generation (GB/s, us): 1.892 (567590)
		Precomputation (GB/s, us): inf (0)
		Encoding (GB/s, us): 0.437 (2454582)
		Postprocessing (GB/s, us): inf (0)
avg_symbol_2len_start_char: 0.000000,0.000000,0.000000,0.000000,0.000000,0.000000,0.000000,0.000000,0.000000,0.000000,15.000000,0.000000,0.000000,0.000000,0.000000,0.000000,0.000000,0.000000,0.000000,0.000000,0.000000,0.000000,0.000000,0.000000,0.000000,0.000000,0.000000,0.000000,0.000000,0.000000,0.000000,0.000000,0.000000,0.000000,0.000000,0.000000,0.000000,0.000000,0.000000,0.000000,0.000000,0.000000,0.000000,0.000000,0.000000,0.000000,0.000000,0.000000,8.390625,13.796875,13.937500,13.914062,13.980469,13.996094,13.953125,14.167969,13.839844,14.203125,0.000000,0.000000,0.000000,0.000000,0.000000,0.000000,0.000000,14.367188,14.410156,14.039062,14.335938,14.113281,14.550781,0.000000,0.000000,0.000000,0.000000,0.000000,0.000000,0.000000,0.000000,0.000000,0.000000,0.000000,0.000000,0.000000,0.000000,0.000000,0.000000,0.000000,0.000000,0.000000,0.000000,0.000000,0.000000,0.000000,0.000000,0.000000,0.000000,0.000000,0.000000,0.000000,0.000000,0.000000,0.000000,0.000000,0.000000,0.000000,0.000000,0.000000,0.000000,0.000000,0.000000,0.000000,0.000000,0.000000,0.000000,0.000000,0.000000,0.000000,0.000000,0.000000,0.000000,0.000000,0.000000,0.000000,0.000000,0.000000,0.000000,0.000000,0.000000,0.000000,0.000000,0.000000,0.000000,0.000000,0.000000,0.000000,0.000000,0.000000,0.000000,0.000000,0.000000,0.000000,0.000000,0.000000,0.000000,0.000000,0.000000,0.000000,0.000000,0.000000,0.000000,0.000000,0.000000,0.000000,0.000000,0.000000,0.000000,0.000000,0.000000,0.000000,0.000000,0.000000,0.000000,0.000000,0.000000,0.000000,0.000000,0.000000,0.000000,0.000000,0.000000,0.000000,0.000000,0.000000,0.000000,0.000000,0.000000,0.000000,0.000000,0.000000,0.000000,0.000000,0.000000,0.000000,0.000000,0.000000,0.000000,0.000000,0.000000,0.000000,0.000000,0.000000,0.000000,0.000000,0.000000,0.000000,0.000000,0.000000,0.000000,0.000000,0.000000,0.000000,0.000000,0.000000,0.000000,0.000000,0.000000,0.000000,0.000000,0.000000,0.000000,0.000000,0.000000,0.000000,0.000000,0.000000,0.000000,0.000000,0.000000,0.000000,0.000000,0.000000,0.000000,0.000000,0.000000,0.000000,0.000000,0.000000,0.000000,0.000000,0.000000,0.000000,0.000000,0.000000,0.000000,0.000000,0.000000,0.000000,0.000000,0.000000,0.000000,0.000000,0.000000,0.000000,0.000000,0.000000,0.000000,0.000000,0.000000,0.000000,0.000000,0.000000,0.000000,0.000000,0.000000,
avg_symbol_len: 18.000000,234.996094,0.003906,0.000000,0.000000,0.000000,0.000000,0.000000,
avg_symbol_cnt: 253.000000
avg_hashtable_usage: 0.003906
avg_shortcodes_usage: 252.996094
max_2len_start_chars: 17
avg_2len_start_chars: 17.000000
max_2len_combinations: 17
avg_2len_combinations: 13.823271
0.381
Cycles (1) completed. Stats:
	Parameters:
		Block size: 4194304
		Input size: 1073741824
		Effective table size: 4194304
		File name: ../../thesis-testing/dbtext-inflated-1gb/output_hex
	Compression:
		Duration (us): 3576555
		Throughput (GB/s): 0.300
		Compressed size: 582521524
	Decompression:
		Duration (us): 1480601
		Throughput (GB/s): 0.725
		Ratio: 1.8433
	Compression phases:
		Table generation (GB/s, us): 1.411 (761041)
		Precomputation (GB/s, us): inf (0)
		Encoding (GB/s, us): 0.381 (2815110)
		Postprocessing (GB/s, us): inf (0)