avg_symbol_2len_start_char: 0.000000,0.000000,0.000000,0.000000,0.000000,0.000000,0.000000,0.000000,0.000000,0.000000,17.572035,0.000000,0.000000,0.000000,0.000000,0.000000,0.000000,0.000000,0.000000,0.000000,0.000000,0.000000,0.000000,0.000000,0.000000,0.000000,0.000000,0.000000,0.000000,0.000000,0.000000,0.000000,17.783897,0.466102,0.000000,0.000000,0.000000,0.000000,0.000000,0.000000,0.000000,0.000000,0.000000,0.000000,1.025424,0.440678,1.415254,0.000000,0.000000,0.000000,0.000000,0.000000,0.000000,0.000000,0.000000,0.000000,0.000000,0.000000,0.377119,0.427966,0.000000,0.000000,0.000000,0.432203,0.000000,0.000000,0.000000,0.000000,0.000000,0.000000,0.000000,0.000000,0.000000,0.000000,0.000000,0.000000,0.000000,0.000000,0.000000,0.000000,0.000000,0.000000,0.000000,0.000000,0.000000,0.000000,0.000000,0.000000,0.000000,0.000000,0.000000,0.000000,0.000000,0.000000,0.000000,0.000000,0.000000,13.326271,3.368644,9.805085,5.216102,17.902542,7.436440,7.788136,3.745763,10.016949,1.000000,3.088983,10.991526,2.648305,10.533898,11.953390,9.254237,1.059322,8.559322,10.927966,8.224576,10.983051,1.012712,1.110170,3.389831,5.046610,0.076271,0.000000,0.000000,0.000000,0.000000,0.000000,0.000000,0.000000,0.000000,0.000000,0.000000,0.000000,0.000000,0.000000,0.000000,0.000000,0.000000,0.000000,0.000000,0.000000,0.000000,0.000000,0.000000,0.000000,0.000000,0.000000,0.000000,0.000000,0.000000,0.000000,0.000000,0.000000,0.000000,0.000000,0.000000,0.000000,0.000000,0.000000,0.000000,0.000000,0.000000,0.000000,0.000000,0.000000,0.000000,0.000000,0.000000,0.000000,0.000000,0.000000,0.000000,0.000000,0.000000,0.000000,0.000000,0.000000,0.000000,0.000000,0.000000,0.000000,0.000000,0.000000,0.000000,0.000000,0.000000,0.000000,0.000000,0.000000,0.000000,0.000000,0.000000,0.000000,0.000000,0.000000,0.000000,0.000000,0.000000,0.000000,0.000000,0.000000,0.000000,0.000000,0.000000,0.000000,0.000000,0.000000,0.000000,0.000000,0.000000,0.000000,0.000000,0.000000,0.000000,0.000000,0.000000,0.000000,0.000000,0.000000,0.000000,0.000000,0.000000,0.000000,0.000000,0.000000,0.000000,0.000000,0.000000,0.000000,0.000000,0.000000,0.000000,0.000000,0.000000,0.000000,0.000000,0.000000,0.000000,0.000000,0.000000,0.000000,0.000000,0.000000,0.000000,0.000000,0.000000,0.000000,0.000000,0.000000,0.000000,0.000000,0.000000,0.000000,0.000000,
avg_symbol_len: 34.593220,218.406784,0.000000,0.000000,0.000000,0.000000,0.000000,0.000000,
avg_symbol_cnt: 253.000000
avg_hashtable_usage: 0.000000
avg_shortcodes_usage: 253.000000
max_2len_start_chars: 34
avg_2len_start_chars: 31.203390
max_2len_combinations: 21
avg_2len_combinations: 7.007224
0.461
Cycles (1) completed. Stats:
	Parameters:
		Block size: 4194304
		Input size: 989855744
		Effective table size: 4194304
		File name: ../../thesis-testing/lineitem-1gb/lineitem-comments-1gb-1.txt
	Compression:
		Duration (us): 2484446
		Throughput (GB/s): 0.398
		Compressed size: 505180358
	Decompression:
		Duration (us): 1000366
		Throughput (GB/s): 0.989
		Ratio: 1.9594
	Compression phases:
		Table generation (GB/s, us): 2.943 (336315)
		Precomputation (GB/s, us): inf (0)
		Encoding (GB/s, us): 0.461 (2147757)
		Postprocessing (GB/s, us): inf (0)
avg_symbol_2len_start_char: 0.000000,0.000000,0.000000,0.000000,0.000000,0.000000,0.000000,0.000000,0.000000,0.000000,1.000000,0.000000,0.000000,0.000000,0.000000,0.000000,0.000000,0.000000,0.000000,0.000000,0.000000,0.000000,0.000000,0.000000,0.000000,0.000000,0.000000,0.000000,0.000000,0.000000,0.000000,0.000000,0.000000,0.000000,0.000000,1.000000,0.000000,0.000000,0.000000,0.000000,0.000000,0.000000,0.000000,0.000000,0.000000,0.000000,0.000000,0.000000,10.274336,9.393806,10.438053,9.309734,10.305309,9.477876,10.212389,9.292035,10.415929,9.287611,0.000000,0.000000,0.000000,0.000000,0.000000,0.000000,0.000000,0.000000,0.000000,1.000000,0.000000,0.000000,0.000000,0.000000,0.000000,0.000000,0.000000,0.000000,0.000000,0.000000,0.000000,0.000000,0.000000,0.000000,0.000000,0.000000,0.000000,0.000000,0.000000,0.000000,0.000000,0.000000,0.000000,0.000000,0.000000,0.000000,0.000000,0.000000,0.000000,0.000000,0.000000,0.000000,0.000000,1.000000,0.000000,0.000000,0.000000,0.000000,0.000000,0.000000,0.000000,1.000000,0.000000,1.000000,0.000000,0.000000,1.000000,1.000000,1.000000,1.000000,0.000000,0.000000,0.000000,0.000000,0.000000,0.000000,0.000000,0.000000,0.000000,0.000000,0.000000,0.000000,0.000000,0.000000,0.000000,0.000000,0.000000,0.000000,0.000000,0.000000,0.000000,0.000000,0.000000,0.000000,0.000000,0.000000,0.000000,0.000000,0.000000,0.000000,0.000000,0.000000,0.000000,0.000000,0.000000,0.000000,0.000000,0.000000,0.000000,0.000000,0.000000,0.000000,0.000000,0.000000,0.000000,0.000000,0.000000,0.000000,0.000000,0.000000,0.000000,0.000000,0.000000,0.000000,0.000000,0.000000,0.000000,0.000000,0.000000,0.000000,0.000000,0.000000,0.000000,0.000000,0.000000,0.000000,0.000000,0.000000,0.000000,0.000000,0.000000,0.000000,0.000000,0.000000,0.000000,0.000000,0.000000,0.000000,0.000000,0.000000,0.000000,0.000000,0.000000,0.000000,0.000000,0.000000,0.000000,0.000000,0.000000,0.000000,0.000000,0.000000,0.000000,0.000000,0.000000,0.000000,0.000000,0.000000,0.000000,0.000000,0.000000,0.000000,0.000000,0.000000,0.000000,0.000000,0.000000,0.000000,0.000000,0.000000,0.000000,0.000000,0.000000,0.000000,0.000000,0.000000,0.000000,0.000000,0.000000,0.000000,0.000000,0.000000,0.000000,0.000000,0.000000,0.000000,0.000000,0.000000,0.000000,0.000000,0.000000,0.000000,0.000000,0.000000,0.000000,0.000000,0.000000,
avg_symbol_len: 21.000000,108.407082,0.000000,0.000000,0.000000,0.000000,0.000000,0.000000,
avg_symbol_cnt: 129.407074
avg_hashtable_usage: 0.000000
avg_shortcodes_usage: 129.407074
max_2len_start_chars: 20
avg_2len_start_chars: 20.000000
max_2len_combinations: 11
avg_2len_combinations: 5.420352
0.452
Cycles (1) completed. Stats:
	Parameters:
		Block size: 4194304
		Input size: 947912704
		Effective table size: 4194304
		File name: ../../thesis-testing/customer-1gb/customer-id-1gb-1.txt
	Compression:
		Duration (us): 2292212
		Throughput (GB/s): 0.414
		Compressed size: 479275092
	Decompression:
		Duration (us): 843169
		Throughput (GB/s): 1.124
		Ratio: 1.9778
	Compression phases:
		Table generation (GB/s, us): 4.888 (193915)
		Precomputation (GB/s, us): inf (0)
		Encoding (GB/s, us): 0.452 (2097952)
		Postprocessing (GB/s, us): inf (0)

avg_symbol_2len_start_char: 0.000000,0.000000,0.000000,0.000000,0.000000,0.000000,0.000000,0.000000,0.000000,0.000000,13.125000,0.000000,0.000000,0.000000,0.000000,0.000000,0.000000,0.000000,0.000000,0.000000,0.000000,0.000000,0.000000,0.000000,0.000000,0.000000,0.000000,0.000000,0.000000,0.000000,0.000000,0.000000,17.714844,0.000000,0.000000,0.000000,0.000000,0.000000,0.000000,0.507812,0.785156,0.796875,0.210938,0.000000,1.000000,0.546875,0.000000,0.000000,0.000000,0.000000,0.000000,0.000000,0.000000,0.000000,0.000000,0.000000,0.000000,0.000000,0.000000,0.000000,0.000000,0.000000,0.000000,0.000000,0.000000,1.433594,1.910156,1.917969,1.019531,0.656250,0.753906,0.910156,0.003906,2.175781,0.894531,2.312500,1.070312,1.425781,1.250000,0.234375,1.152344,0.503906,0.535156,2.953125,1.152344,1.203125,0.148438,0.476562,0.000000,0.253906,0.406250,0.000000,0.000000,0.000000,0.000000,0.000000,0.000000,14.054688,2.015625,2.902344,7.363281,12.488281,0.441406,4.367188,5.039062,10.863281,1.195312,3.855469,8.101562,2.769531,8.804688,9.078125,2.222656,0.601562,5.707031,7.628906,6.917969,6.261719,1.257812,2.355469,0.152344,5.148438,0.914062,0.000000,0.000000,0.000000,0.000000,0.000000,0.000000,0.000000,0.000000,0.000000,0.000000,0.000000,0.000000,0.000000,0.000000,0.000000,0.000000,0.000000,0.000000,0.000000,0.000000,0.000000,0.000000,0.000000,0.000000,0.000000,0.000000,0.000000,0.000000,0.000000,0.000000,0.000000,0.000000,0.000000,0.000000,0.000000,0.000000,0.000000,0.000000,0.000000,0.000000,0.000000,0.000000,0.000000,0.000000,0.000000,0.000000,0.000000,0.000000,0.000000,0.000000,0.000000,0.000000,0.000000,0.000000,0.000000,0.000000,0.000000,0.000000,0.000000,0.000000,0.000000,0.000000,0.000000,0.000000,0.000000,0.000000,0.000000,0.000000,0.000000,0.000000,0.000000,0.003906,0.000000,0.000000,0.000000,0.000000,0.000000,0.000000,0.000000,0.000000,0.000000,0.000000,0.000000,0.000000,0.000000,0.000000,0.000000,0.000000,0.000000,0.000000,0.000000,0.000000,0.000000,0.000000,0.000000,0.000000,0.000000,0.000000,0.000000,0.000000,0.000000,0.000000,0.000000,0.000000,0.000000,0.000000,0.000000,0.000000,0.000000,0.000000,0.000000,0.000000,0.000000,0.000000,0.000000,0.000000,0.000000,0.000000,0.000000,0.000000,0.000000,0.000000,0.000000,0.000000,0.000000,0.000000,0.000000,0.000000,0.000000,0.000000,0.000000,0.000000,
avg_symbol_len: 59.046875,193.953125,0.000000,0.000000,0.000000,0.000000,0.000000,0.000000,
avg_symbol_cnt: 253.000000
avg_hashtable_usage: 0.000000
avg_shortcodes_usage: 253.000000
max_2len_start_chars: 54
avg_2len_start_chars: 47.035156
max_2len_combinations: 21
avg_2len_combinations: 4.133312
0.407
Cycles (1) completed. Stats:
	Parameters:
		Block size: 4194304
		Input size: 1073741824
		Effective table size: 4194304
		File name: ../../thesis-testing/gdelt-locations-inflated-1gb/output_locations.txt
	Compression:
		Duration (us): 2938051
		Throughput (GB/s): 0.365
		Compressed size: 592071619
	Decompression:
		Duration (us): 1180388
		Throughput (GB/s): 0.910
		Ratio: 1.8135
	Compression phases:
		Table generation (GB/s, us): 3.550 (302479)
		Precomputation (GB/s, us): inf (0)
		Encoding (GB/s, us): 0.407 (2635196)
		Postprocessing (GB/s, us): inf (0)


avg_symbol_2len_start_char: 0.000000,0.000000,0.000000,0.000000,0.000000,0.000000,0.000000,0.000000,0.000000,0.000000,14.734375,0.000000,0.000000,0.000000,0.000000,0.000000,0.000000,0.000000,0.000000,0.000000,0.000000,0.000000,0.000000,0.000000,0.000000,0.000000,0.000000,0.000000,0.000000,0.000000,0.000000,0.000000,0.000000,0.000000,0.000000,0.000000,0.000000,0.000000,0.000000,0.000000,0.000000,0.000000,0.000000,0.000000,0.000000,0.003906,7.996094,0.000000,1.769531,4.054688,2.195312,1.023438,0.996094,1.003906,0.980469,1.058594,1.023438,1.074219,0.000000,0.000000,0.000000,0.000000,0.000000,0.000000,6.019531,0.000000,0.000000,0.000000,0.000000,0.000000,0.000000,0.000000,0.000000,0.000000,0.000000,0.000000,0.000000,0.000000,0.000000,0.000000,0.000000,0.000000,0.000000,0.000000,0.000000,0.000000,0.000000,0.000000,0.000000,0.000000,0.000000,0.000000,0.000000,0.000000,0.000000,0.417969,0.000000,13.179688,5.886719,6.093750,5.902344,10.828125,3.492188,6.535156,4.425781,9.867188,2.582031,5.019531,8.265625,7.687500,11.125000,9.531250,5.386719,0.121094,11.089844,10.121094,10.343750,7.390625,3.000000,2.910156,1.070312,3.359375,1.375000,0.000000,0.000000,0.000000,0.000000,0.000000,0.000000,0.000000,0.000000,0.000000,0.000000,0.000000,0.000000,0.000000,0.000000,0.000000,0.000000,0.000000,0.000000,0.000000,0.000000,0.000000,0.000000,0.000000,0.000000,0.000000,0.000000,0.000000,0.000000,0.000000,0.000000,0.000000,0.000000,0.000000,0.000000,0.000000,0.000000,0.000000,0.000000,0.000000,0.000000,0.000000,0.000000,0.000000,0.000000,0.000000,0.000000,0.000000,0.000000,0.000000,0.000000,0.000000,0.000000,0.000000,0.000000,0.000000,0.000000,0.000000,0.000000,0.000000,0.000000,0.000000,0.000000,0.000000,0.000000,0.000000,0.000000,0.000000,0.000000,0.000000,0.000000,0.000000,0.000000,0.000000,0.000000,0.000000,0.000000,0.000000,0.000000,0.000000,0.000000,0.000000,0.000000,0.000000,0.000000,0.000000,0.000000,0.000000,0.000000,0.000000,0.000000,0.000000,0.000000,0.000000,0.000000,0.000000,0.000000,0.000000,0.000000,0.000000,0.000000,0.000000,0.000000,0.000000,0.000000,0.000000,0.000000,0.000000,0.000000,0.000000,0.000000,0.000000,0.000000,0.000000,0.000000,0.000000,0.000000,0.000000,0.000000,0.000000,0.000000,0.000000,0.000000,0.000000,0.000000,0.000000,0.000000,0.000000,0.000000,0.000000,0.000000,0.000000,0.000000,
avg_symbol_len: 42.011719,210.941406,0.000000,0.000000,0.000000,0.000000,0.000000,0.000000,
avg_symbol_cnt: 252.953125
avg_hashtable_usage: 0.000000
avg_shortcodes_usage: 252.953125
max_2len_start_chars: 40
avg_2len_start_chars: 38.152344
max_2len_combinations: 19
avg_2len_combinations: 5.531608
0.319
Cycles (1) completed. Stats:
	Parameters:
		Block size: 4194304
		Input size: 1073741824
		Effective table size: 4194304
		File name: ../../thesis-testing/dbtext-inflated-1gb/output_email
	Compression:
		Duration (us): 3960953
		Throughput (GB/s): 0.271
		Compressed size: 626145950
	Decompression:
		Duration (us): 1958926
		Throughput (GB/s): 0.548
		Ratio: 1.7148
	Compression phases:
		Table generation (GB/s, us): 1.821 (589672)
		Precomputation (GB/s, us): inf (0)
		Encoding (GB/s, us): 0.319 (3370891)
		Postprocessing (GB/s, us): inf (0)
avg_symbol_2len_start_char: 0.000000,0.000000,0.000000,0.000000,0.000000,0.000000,0.000000,0.000000,0.000000,0.000000,13.769531,0.000000,0.000000,0.000000,0.000000,0.000000,0.000000,0.000000,0.000000,0.000000,0.000000,0.000000,0.000000,0.000000,0.000000,0.000000,0.000000,0.000000,0.000000,0.000000,0.000000,0.000000,0.000000,0.000000,0.000000,0.000000,0.000000,0.000000,0.000000,0.136719,0.000000,1.000000,0.000000,0.000000,1.000000,0.000000,0.984375,0.000000,0.070312,0.828125,0.175781,0.000000,0.000000,0.000000,0.000000,0.000000,0.000000,0.000000,0.000000,0.000000,0.000000,0.000000,0.000000,0.000000,0.000000,0.140625,0.671875,2.378906,0.218750,0.000000,0.074219,0.089844,0.386719,0.398438,0.460938,0.105469,0.292969,1.550781,0.808594,0.000000,0.542969,0.000000,0.480469,1.269531,0.539062,0.085938,0.105469,0.285156,0.000000,0.007812,0.000000,0.000000,0.000000,0.000000,0.000000,16.820312,0.000000,11.820312,3.242188,5.496094,4.656250,10.445312,2.121094,2.941406,4.839844,12.375000,0.000000,3.300781,7.082031,4.363281,10.484375,12.496094,3.664062,0.019531,10.054688,7.699219,8.683594,7.507812,2.824219,1.242188,0.000000,2.128906,0.023438,0.000000,0.000000,0.000000,0.000000,0.000000,0.000000,0.000000,0.000000,0.000000,0.000000,0.000000,0.000000,0.000000,0.000000,0.000000,0.000000,0.000000,0.000000,0.000000,0.000000,0.000000,0.000000,0.000000,0.000000,0.000000,0.000000,0.000000,0.000000,0.000000,0.000000,0.000000,0.000000,0.000000,0.000000,0.000000,0.000000,0.000000,0.000000,0.000000,0.000000,0.000000,0.000000,0.000000,0.000000,0.000000,0.000000,0.000000,0.000000,0.000000,0.000000,0.000000,0.000000,0.000000,0.000000,0.000000,0.000000,0.000000,0.000000,0.000000,0.000000,0.000000,0.000000,0.000000,0.000000,0.000000,0.000000,0.000000,0.000000,0.000000,0.000000,0.000000,0.000000,0.171875,0.000000,0.000000,0.000000,0.000000,0.000000,0.000000,0.000000,0.000000,0.000000,0.000000,0.000000,0.000000,0.000000,0.000000,0.000000,0.000000,0.000000,0.000000,0.000000,0.000000,0.000000,0.000000,0.000000,0.000000,0.000000,0.000000,0.000000,0.000000,0.000000,0.000000,0.000000,0.000000,0.000000,0.000000,0.000000,0.000000,0.000000,0.000000,0.000000,0.000000,0.000000,0.000000,0.000000,0.000000,0.000000,0.000000,0.000000,0.000000,0.000000,0.000000,0.000000,0.000000,0.000000,0.000000,0.000000,0.000000,0.000000,0.000000,0.000000,
avg_symbol_len: 67.636719,185.363281,0.000000,0.000000,0.000000,0.000000,0.000000,0.000000,
avg_symbol_cnt: 253.000000
avg_hashtable_usage: 0.000000
avg_shortcodes_usage: 253.000000
max_2len_start_chars: 43
avg_2len_start_chars: 36.335938
max_2len_combinations: 21
avg_2len_combinations: 5.115130
0.271
Cycles (1) completed. Stats:
	Parameters:
		Block size: 4194304
		Input size: 1073741824
		Effective table size: 4194304
		File name: ../../thesis-testing/dbtext-inflated-1gb/output_yago
	Compression:
		Duration (us): 4655844
		Throughput (GB/s): 0.231
		Compressed size: 678878831
	Decompression:
		Duration (us): 2408520
		Throughput (GB/s): 0.446
		Ratio: 1.5816
	Compression phases:
		Table generation (GB/s, us): 1.559 (688954)
		Precomputation (GB/s, us): inf (0)
		Encoding (GB/s, us): 0.271 (3966461)
		Postprocessing (GB/s, us): inf (0)
avg_symbol_2len_start_char: 0.000000,0.000000,0.000000,0.000000,0.000000,0.000000,0.000000,0.000000,0.000000,0.000000,12.378906,0.000000,0.000000,0.000000,0.000000,0.000000,0.000000,0.000000,0.000000,0.000000,0.000000,0.000000,0.000000,0.000000,0.000000,0.000000,0.000000,0.000000,0.000000,0.000000,0.000000,0.000000,0.000000,0.000000,0.000000,0.000000,0.000000,0.000000,0.000000,0.089844,0.007812,1.000000,0.000000,0.000000,1.000000,0.000000,1.843750,0.062500,0.007812,1.203125,0.996094,0.000000,0.000000,0.000000,0.000000,0.000000,0.000000,0.000000,0.000000,0.000000,0.000000,0.000000,0.000000,0.000000,0.000000,0.519531,0.089844,1.406250,0.097656,0.000000,0.023438,0.039062,0.210938,0.406250,0.230469,0.019531,0.683594,0.800781,0.332031,0.000000,0.781250,0.000000,0.714844,0.484375,0.164062,0.167969,0.054688,0.359375,0.000000,0.000000,0.000000,0.000000,0.000000,0.000000,0.000000,19.687500,0.000000,10.707031,3.429688,6.023438,4.464844,10.769531,2.183594,3.453125,4.390625,11.734375,0.238281,2.218750,6.261719,5.144531,10.460938,11.089844,5.121094,0.050781,9.023438,8.800781,8.726562,7.328125,2.437500,1.128906,0.000000,2.046875,0.003906,0.000000,0.000000,0.000000,0.000000,0.000000,0.000000,0.000000,0.000000,0.000000,0.000000,0.000000,0.000000,0.000000,0.000000,0.000000,0.000000,0.000000,0.000000,0.000000,0.000000,0.000000,0.000000,0.000000,0.000000,0.000000,0.000000,0.000000,0.000000,0.000000,0.000000,0.000000,0.000000,0.000000,0.000000,0.000000,0.000000,0.000000,0.000000,0.000000,0.000000,0.000000,0.000000,0.000000,0.000000,0.000000,0.000000,0.000000,0.000000,0.000000,0.000000,0.000000,0.000000,0.000000,0.000000,0.000000,0.000000,0.000000,0.000000,0.000000,0.000000,0.000000,0.000000,0.000000,0.000000,0.000000,0.000000,0.000000,0.000000,0.000000,0.000000,0.000000,0.000000,0.000000,0.000000,0.000000,0.000000,0.000000,0.000000,0.000000,0.000000,0.000000,0.000000,0.000000,0.000000,0.000000,0.000000,0.000000,0.000000,0.000000,0.000000,0.000000,0.000000,0.000000,0.000000,0.000000,0.000000,0.000000,0.000000,0.000000,0.000000,0.000000,0.000000,0.000000,0.042969,0.000000,0.000000,0.000000,0.000000,0.000000,0.000000,0.000000,0.000000,0.000000,0.000000,0.000000,0.000000,0.000000,0.000000,0.000000,0.000000,0.000000,0.000000,0.000000,0.000000,0.000000,0.000000,0.000000,0.000000,0.000000,0.000000,0.000000,0.000000,
avg_symbol_len: 69.855469,183.144531,0.000000,0.000000,0.000000,0.000000,0.000000,0.000000,
avg_symbol_cnt: 253.000000
avg_hashtable_usage: 0.000000
avg_shortcodes_usage: 253.000000
max_2len_start_chars: 43
avg_2len_start_chars: 36.019531
max_2len_combinations: 25
avg_2len_combinations: 5.098830
0.268
Cycles (1) completed. Stats:
	Parameters:
		Block size: 4194304
		Input size: 1073741824
		Effective table size: 4194304
		File name: ../../thesis-testing/dbtext-inflated-1gb/output_wiki
	Compression:
		Duration (us): 4680904
		Throughput (GB/s): 0.229
		Compressed size: 684567664
	Decompression:
		Duration (us): 2438904
		Throughput (GB/s): 0.440
		Ratio: 1.5685
	Compression phases:
		Table generation (GB/s, us): 1.581 (679199)
		Precomputation (GB/s, us): inf (0)
		Encoding (GB/s, us): 0.268 (4001318)
		Postprocessing (GB/s, us): inf (0)
avg_symbol_2len_start_char: 0.000000,0.000000,0.000000,0.000000,0.000000,0.000000,0.000000,0.000000,0.000000,0.000000,1.000000,0.000000,0.000000,0.000000,0.000000,0.000000,0.000000,0.000000,0.000000,0.000000,0.000000,0.000000,0.000000,0.000000,0.000000,0.000000,0.000000,0.000000,0.000000,0.000000,0.000000,0.000000,0.000000,0.000000,0.000000,0.000000,0.000000,0.316406,0.023438,0.000000,0.000000,0.996094,0.000000,0.000000,0.230469,1.824219,6.761719,14.710938,1.824219,2.433594,1.253906,0.207031,0.070312,0.101562,0.074219,0.078125,0.082031,0.179688,1.000000,0.000000,0.000000,0.207031,0.000000,0.011719,0.000000,0.082031,0.011719,0.207031,0.011719,0.011719,0.003906,0.007812,0.011719,0.007812,0.003906,0.000000,0.054688,0.246094,0.015625,0.000000,0.117188,0.000000,0.023438,0.019531,0.042969,0.000000,0.000000,0.000000,0.000000,0.000000,0.000000,0.000000,0.000000,0.000000,0.000000,4.050781,0.000000,10.507812,4.617188,5.460938,5.027344,12.378906,2.917969,4.195312,4.527344,12.238281,0.042969,2.300781,6.660156,4.445312,10.570312,8.277344,5.738281,0.070312,9.000000,10.941406,10.777344,5.910156,2.417969,3.746094,0.039062,1.304688,0.011719,0.000000,0.000000,0.000000,0.000000,0.000000,0.000000,0.000000,0.000000,0.000000,0.000000,0.000000,0.000000,0.000000,0.000000,0.000000,0.000000,0.000000,0.000000,0.000000,0.000000,0.000000,0.000000,0.000000,0.000000,0.000000,0.000000,0.000000,0.000000,0.000000,0.000000,0.000000,0.000000,0.000000,0.000000,0.000000,0.000000,0.000000,0.000000,0.000000,0.000000,0.000000,0.000000,0.000000,0.000000,0.000000,0.000000,0.000000,0.000000,0.000000,0.000000,0.000000,0.000000,0.000000,0.000000,0.000000,0.000000,0.000000,0.000000,0.000000,0.000000,0.000000,0.000000,0.000000,0.000000,0.000000,0.000000,0.000000,0.000000,0.000000,0.000000,0.000000,0.000000,0.000000,0.000000,0.000000,0.000000,0.000000,0.000000,0.000000,0.000000,0.000000,0.000000,0.000000,0.000000,0.000000,0.000000,0.000000,0.000000,0.000000,0.000000,0.000000,0.000000,0.000000,0.000000,0.000000,0.000000,0.000000,0.000000,0.000000,0.000000,0.000000,0.000000,0.000000,0.000000,0.000000,0.000000,0.000000,0.000000,0.000000,0.000000,0.000000,0.000000,0.000000,0.000000,0.000000,0.000000,0.000000,0.000000,0.000000,0.000000,0.000000,0.000000,0.000000,0.000000,0.000000,0.000000,0.000000,0.000000,0.000000,0.000000,0.000000,0.000000,
avg_symbol_len: 70.558594,182.441406,0.000000,0.000000,0.000000,0.000000,0.000000,0.000000,
avg_symbol_cnt: 253.000000
avg_hashtable_usage: 0.000000
avg_shortcodes_usage: 253.000000
max_2len_start_chars: 40
avg_2len_start_chars: 34.132812
max_2len_combinations: 20
avg_2len_combinations: 5.357032
0.298
Cycles (1) completed. Stats:
	Parameters:
		Block size: 4194304
		Input size: 1073741824
		Effective table size: 4194304
		File name: ../../thesis-testing/dbtext-inflated-1gb/output_urls2
	Compression:
		Duration (us): 4145663
		Throughput (GB/s): 0.259
		Compressed size: 664703618
	Decompression:
		Duration (us): 2054749
		Throughput (GB/s): 0.523
		Ratio: 1.6154
	Compression phases:
		Table generation (GB/s, us): 1.970 (544928)
		Precomputation (GB/s, us): inf (0)
		Encoding (GB/s, us): 0.298 (3600361)
		Postprocessing (GB/s, us): inf (0)
avg_symbol_2len_start_char: 0.000000,0.000000,0.000000,0.000000,0.000000,0.000000,0.000000,0.000000,0.000000,0.000000,1.000000,0.000000,0.000000,0.000000,0.000000,0.000000,0.000000,0.000000,0.000000,0.000000,0.000000,0.000000,0.000000,0.000000,0.000000,0.000000,0.000000,0.000000,0.000000,0.000000,0.000000,0.000000,0.000000,0.000000,0.000000,0.000000,0.000000,0.101562,0.000000,0.000000,0.000000,0.000000,0.000000,0.000000,0.000000,3.453125,7.585938,14.582031,10.843750,9.003906,5.558594,3.597656,3.382812,3.191406,2.828125,2.140625,2.832031,3.027344,4.191406,0.000000,0.000000,0.000000,0.000000,0.000000,0.000000,0.320312,0.003906,0.050781,0.003906,0.000000,0.019531,0.097656,0.000000,0.000000,0.000000,0.000000,0.023438,1.000000,0.003906,0.062500,0.042969,0.000000,0.007812,0.195312,3.707031,0.000000,0.117188,0.042969,0.000000,0.000000,0.000000,0.000000,0.000000,0.000000,0.000000,0.285156,0.000000,8.636719,1.144531,7.265625,6.187500,10.578125,1.390625,4.000000,2.101562,6.230469,0.003906,1.175781,5.414062,3.507812,9.289062,7.113281,2.843750,0.894531,6.316406,5.890625,8.289062,3.464844,3.371094,1.500000,0.054688,0.332031,0.007812,0.000000,0.000000,0.000000,0.000000,0.000000,0.000000,0.000000,0.000000,0.000000,0.000000,0.000000,0.000000,0.000000,0.000000,0.000000,0.000000,0.000000,0.000000,0.000000,0.000000,0.000000,0.000000,0.000000,0.000000,0.000000,0.000000,0.000000,0.000000,0.000000,0.000000,0.000000,0.000000,0.000000,0.000000,0.000000,0.000000,0.000000,0.000000,0.000000,0.000000,0.000000,0.000000,0.000000,0.000000,0.000000,0.000000,0.000000,0.000000,0.000000,0.000000,0.000000,0.000000,0.000000,0.000000,0.000000,0.000000,0.000000,0.000000,0.000000,0.000000,0.000000,0.000000,0.000000,0.000000,0.000000,0.000000,0.000000,0.000000,0.000000,0.000000,0.000000,0.000000,0.000000,0.000000,0.000000,0.000000,0.000000,0.000000,0.000000,0.000000,0.000000,0.000000,0.000000,0.000000,0.000000,0.000000,0.000000,0.000000,0.000000,0.000000,0.000000,0.000000,0.000000,0.000000,0.000000,0.000000,0.000000,0.000000,0.000000,0.000000,0.000000,0.136719,0.027344,0.003906,0.000000,0.000000,0.000000,0.000000,0.000000,0.000000,0.000000,0.000000,0.000000,0.000000,0.000000,0.000000,0.000000,0.000000,0.000000,0.000000,0.000000,0.000000,0.000000,0.000000,0.000000,0.000000,0.000000,0.000000,0.000000,0.000000,0.000000,0.000000,
avg_symbol_len: 62.523438,190.476562,0.000000,0.000000,0.000000,0.000000,0.000000,0.000000,
avg_symbol_cnt: 253.000000
avg_hashtable_usage: 0.000000
avg_shortcodes_usage: 253.000000
max_2len_start_chars: 44
avg_2len_start_chars: 40.609375
max_2len_combinations: 17
avg_2len_combinations: 4.695026
0.344
Cycles (1) completed. Stats:
	Parameters:
		Block size: 4194304
		Input size: 1073741824
		Effective table size: 4194304
		File name: ../../thesis-testing/dbtext-inflated-1gb/output_urls
	Compression:
		Duration (us): 3535877
		Throughput (GB/s): 0.304
		Compressed size: 629699591
	Decompression:
		Duration (us): 1653766
		Throughput (GB/s): 0.649
		Ratio: 1.7052
	Compression phases:
		Table generation (GB/s, us): 2.621 (409684)
		Precomputation (GB/s, us): inf (0)
		Encoding (GB/s, us): 0.344 (3125765)
		Postprocessing (GB/s, us): inf (0)
avg_symbol_2len_start_char: 0.000000,0.000000,0.000000,0.000000,0.000000,0.000000,0.000000,0.000000,0.000000,0.000000,1.000000,0.000000,0.000000,0.000000,0.000000,0.000000,0.000000,0.000000,0.000000,0.000000,0.000000,0.000000,0.000000,0.000000,0.000000,0.000000,0.000000,0.000000,0.000000,0.000000,0.000000,0.000000,0.000000,0.000000,0.000000,0.000000,0.000000,0.000000,0.000000,0.000000,0.000000,0.000000,0.000000,0.000000,0.000000,13.382812,0.000000,0.000000,10.718750,12.863281,11.117188,13.792969,12.453125,13.132812,11.050781,14.121094,11.691406,15.781250,0.000000,0.000000,0.000000,0.000000,0.000000,0.000000,0.000000,0.000000,0.000000,0.000000,0.000000,0.000000,0.000000,0.000000,0.000000,0.000000,0.000000,0.000000,0.000000,0.000000,0.000000,0.000000,0.000000,0.000000,0.000000,0.000000,0.000000,0.000000,0.000000,0.000000,0.000000,0.000000,0.000000,0.000000,0.000000,0.000000,0.000000,0.000000,0.000000,16.500000,16.789062,15.113281,16.707031,13.394531,14.390625,0.000000,0.000000,0.000000,0.000000,0.000000,0.000000,0.000000,0.000000,0.000000,0.000000,0.000000,0.000000,0.000000,0.000000,0.000000,0.000000,0.000000,0.000000,0.000000,0.000000,0.000000,0.000000,0.000000,0.000000,0.000000,0.000000,0.000000,0.000000,0.000000,0.000000,0.000000,0.000000,0.000000,0.000000,0.000000,0.000000,0.000000,0.000000,0.000000,0.000000,0.000000,0.000000,0.000000,0.000000,0.000000,0.000000,0.000000,0.000000,0.000000,0.000000,0.000000,0.000000,0.000000,0.000000,0.000000,0.000000,0.000000,0.000000,0.000000,0.000000,0.000000,0.000000,0.000000,0.000000,0.000000,0.000000,0.000000,0.000000,0.000000,0.000000,0.000000,0.000000,0.000000,0.000000,0.000000,0.000000,0.000000,0.000000,0.000000,0.000000,0.000000,0.000000,0.000000,0.000000,0.000000,0.000000,0.000000,0.000000,0.000000,0.000000,0.000000,0.000000,0.000000,0.000000,0.000000,0.000000,0.000000,0.000000,0.000000,0.000000,0.000000,0.000000,0.000000,0.000000,0.000000,0.000000,0.000000,0.000000,0.000000,0.000000,0.000000,0.000000,0.000000,0.000000,0.000000,0.000000,0.000000,0.000000,0.000000,0.000000,0.000000,0.000000,0.000000,0.000000,0.000000,0.000000,0.000000,0.000000,0.000000,0.000000,0.000000,0.000000,0.000000,0.000000,0.000000,0.000000,0.000000,0.000000,0.000000,0.000000,0.000000,0.000000,0.000000,0.000000,0.000000,0.000000,0.000000,0.000000,0.000000,0.000000,0.000000,0.000000,
avg_symbol_len: 19.000000,234.000000,0.000000,0.000000,0.000000,0.000000,0.000000,0.000000,
avg_symbol_cnt: 253.000000
avg_hashtable_usage: 0.000000
avg_shortcodes_usage: 253.000000
max_2len_start_chars: 18
avg_2len_start_chars: 18.000000
max_2len_combinations: 18
avg_2len_combinations: 13.000000
0.402
Cycles (1) completed. Stats:
	Parameters:
		Block size: 4194304
		Input size: 1073741824
		Effective table size: 4194304
		File name: ../../thesis-testing/dbtext-inflated-1gb/output_uuid
	Compression:
		Duration (us): 3237554
		Throughput (GB/s): 0.332
		Compressed size: 573509364
	Decompression:
		Duration (us): 1354243
		Throughput (GB/s): 0.793
		Ratio: 1.8722
	Compression phases:
		Table generation (GB/s, us): 1.887 (568958)
		Precomputation (GB/s, us): inf (0)
		Encoding (GB/s, us): 0.402 (2668237)
		Postprocessing (GB/s, us): inf (0)
avg_symbol_2len_start_char: 0.000000,0.000000,0.000000,0.000000,0.000000,0.000000,0.000000,0.000000,0.000000,0.000000,15.000000,0.000000,0.000000,0.000000,0.000000,0.000000,0.000000,0.000000,0.000000,0.000000,0.000000,0.000000,0.000000,0.000000,0.000000,0.000000,0.000000,0.000000,0.000000,0.000000,0.000000,0.000000,0.000000,0.000000,0.000000,0.000000,0.000000,0.000000,0.000000,0.000000,0.000000,0.000000,0.000000,0.000000,0.000000,0.000000,0.000000,0.000000,8.421875,13.789062,13.957031,13.917969,13.988281,13.996094,13.960938,14.183594,13.828125,14.195312,0.000000,0.000000,0.000000,0.000000,0.000000,0.000000,0.000000,14.343750,14.386719,14.046875,14.332031,14.117188,14.535156,0.000000,0.000000,0.000000,0.000000,0.000000,0.000000,0.000000,0.000000,0.000000,0.000000,0.000000,0.000000,0.000000,0.000000,0.000000,0.000000,0.000000,0.000000,0.000000,0.000000,0.000000,0.000000,0.000000,0.000000,0.000000,0.000000,0.000000,0.000000,0.000000,0.000000,0.000000,0.000000,0.000000,0.000000,0.000000,0.000000,0.000000,0.000000,0.000000,0.000000,0.000000,0.000000,0.000000,0.000000,0.000000,0.000000,0.000000,0.000000,0.000000,0.000000,0.000000,0.000000,0.000000,0.000000,0.000000,0.000000,0.000000,0.000000,0.000000,0.000000,0.000000,0.000000,0.000000,0.000000,0.000000,0.000000,0.000000,0.000000,0.000000,0.000000,0.000000,0.000000,0.000000,0.000000,0.000000,0.000000,0.000000,0.000000,0.000000,0.000000,0.000000,0.000000,0.000000,0.000000,0.000000,0.000000,0.000000,0.000000,0.000000,0.000000,0.000000,0.000000,0.000000,0.000000,0.000000,0.000000,0.000000,0.000000,0.000000,0.000000,0.000000,0.000000,0.000000,0.000000,0.000000,0.000000,0.000000,0.000000,0.000000,0.000000,0.000000,0.000000,0.000000,0.000000,0.000000,0.000000,0.000000,0.000000,0.000000,0.000000,0.000000,0.000000,0.000000,0.000000,0.000000,0.000000,0.000000,0.000000,0.000000,0.000000,0.000000,0.000000,0.000000,0.000000,0.000000,0.000000,0.000000,0.000000,0.000000,0.000000,0.000000,0.000000,0.000000,0.000000,0.000000,0.000000,0.000000,0.000000,0.000000,0.000000,0.000000,0.000000,0.000000,0.000000,0.000000,0.000000,0.000000,0.000000,0.000000,0.000000,0.000000,0.000000,0.000000,0.000000,0.000000,0.000000,0.000000,0.000000,0.000000,0.000000,0.000000,0.000000,0.000000,0.000000,0.000000,0.000000,0.000000,0.000000,0.000000,0.000000,0.000000,0.000000,0.000000,0.000000,
avg_symbol_len: 18.000000,235.000000,0.000000,0.000000,0.000000,0.000000,0.000000,0.000000,
avg_symbol_cnt: 253.000000
avg_hashtable_usage: 0.000000
avg_shortcodes_usage: 253.000000
max_2len_start_chars: 17
avg_2len_start_chars: 17.000000
max_2len_combinations: 17
avg_2len_combinations: 13.823501
0.382
Cycles (1) completed. Stats:
	Parameters:
		Block size: 4194304
		Input size: 1073741824
		Effective table size: 4194304
		File name: ../../thesis-testing/dbtext-inflated-1gb/output_hex
	Compression:
		Duration (us): 3594051
		Throughput (GB/s): 0.299
		Compressed size: 582515627
	Decompression:
		Duration (us): 1497169
		Throughput (GB/s): 0.717
		Ratio: 1.8433
	Compression phases:
		Table generation (GB/s, us): 1.369 (784198)
		Precomputation (GB/s, us): inf (0)
		Encoding (GB/s, us): 0.382 (2809434)
		Postprocessing (GB/s, us): inf (0)
