    1280    2560    5120    10240   20480   40960   81920   163840
32
64
96
128
160

16.797,27.229,39.223,49.096,55.310,58.822,42.879,27.257
27.518,41.498,54.212,63.231,63.130,61.177,43.223,27.387
35.966,48.201,59.770,65.790,62.689,61.989,43.291,27.317
40.583,54.111,65.273,70.408,70.207,61.591,43.101,27.395
42.480,56.773,66.744,70.182,65.784,54.818,37.230,23.792

000.737,002.881,008.712,028.531,066.376,099.722,111.818,114.657
002.897,009.027,031.737,088.952,159.291,192.080,195.178,105.746
006.038,019.394,060.295,133.382,185.803,178.832,201.567,113.712
008.833,032.694,098.433,187.122,256.139,272.142,199.003,113.392
012.118,045.757,121.886,180.929,235.281,261.141,189.505,108.581


RATIO
2.7740,2.7904,2.7990,2.8034,2.8060,2.8071,2.8076,2.8077
2.7741,2.7908,2.7992,2.8039,2.8060,2.8071,2.8075,2.8075
2.7743,2.7909,2.7992,2.8033,2.8051,2.8061,2.8065,2.8074
2.7744,2.7910,2.7998,2.8040,2.8061,2.8070,2.8073,2.8075
2.7888,2.8055,2.8149,2.8004,2.8025,2.8092,2.8098,2.8092