avg_symbol_2len_start_char: 0.000000,0.000000,0.000000,0.000000,0.000000,0.000000,0.000000,0.000000,0.000000,0.000000,9.881356,0.000000,0.000000,0.000000,0.000000,0.000000,0.000000,0.000000,0.000000,0.000000,0.000000,0.000000,0.000000,0.000000,0.000000,0.000000,0.000000,0.000000,0.000000,0.000000,0.000000,0.000000,9.762712,0.000000,0.000000,0.000000,0.000000,0.000000,0.000000,0.000000,0.000000,0.000000,0.000000,0.000000,1.000000,0.000000,1.033898,0.000000,0.000000,0.000000,0.000000,0.000000,0.000000,0.000000,0.000000,0.000000,0.000000,0.000000,0.000000,0.004237,0.000000,0.000000,0.000000,0.000000,0.000000,0.000000,0.000000,0.000000,0.000000,0.000000,0.000000,0.000000,0.000000,0.000000,0.000000,0.000000,0.000000,0.000000,0.000000,0.000000,0.000000,0.000000,0.000000,0.000000,0.000000,0.000000,0.000000,0.000000,0.000000,0.000000,0.000000,0.000000,0.000000,0.000000,0.000000,0.000000,0.000000,6.233051,1.351695,5.338983,2.360169,4.932203,3.072034,1.432203,1.050847,4.923729,0.016949,0.550847,6.004237,0.351695,2.750000,4.326271,2.847458,0.614407,5.661017,4.241526,4.254237,3.991525,0.978814,0.652542,0.207627,2.364407,0.000000,0.000000,0.000000,0.000000,0.000000,0.000000,0.000000,0.000000,0.000000,0.000000,0.000000,0.000000,0.000000,0.000000,0.000000,0.000000,0.000000,0.000000,0.000000,0.000000,0.000000,0.000000,0.000000,0.000000,0.000000,0.000000,0.000000,0.000000,0.000000,0.000000,0.000000,0.000000,0.000000,0.000000,0.000000,0.000000,0.000000,0.000000,0.000000,0.000000,0.000000,0.000000,0.000000,0.000000,0.000000,0.000000,0.000000,0.000000,0.000000,0.000000,0.000000,0.000000,0.000000,0.000000,0.000000,0.000000,0.000000,0.000000,0.000000,0.000000,0.000000,0.000000,0.000000,0.000000,0.000000,0.000000,0.000000,0.000000,0.000000,0.000000,0.000000,0.000000,0.000000,0.000000,0.000000,0.000000,0.000000,0.000000,0.000000,0.000000,0.000000,0.000000,0.000000,0.000000,0.000000,0.000000,0.000000,0.000000,0.000000,0.000000,0.000000,0.000000,0.000000,0.000000,0.000000,0.000000,0.000000,0.000000,0.000000,0.000000,0.000000,0.000000,0.000000,0.000000,0.000000,0.000000,0.000000,0.000000,0.000000,0.000000,0.000000,0.000000,0.000000,0.000000,0.000000,0.000000,0.000000,0.000000,0.000000,0.000000,0.000000,0.000000,0.000000,0.000000,0.000000,0.000000,0.000000,0.000000,0.000000,0.000000,0.000000,0.000000,0.000000,
avg_symbol_len: 36.750000,92.190681,21.313559,14.118644,16.716103,18.233051,13.283898,33.216103,
avg_symbol_cnt: 245.822037
avg_hashtable_usage: 116.881355
avg_shortcodes_usage: 128.940674
max_2len_start_chars: 28
avg_2len_start_chars: 24.775423
max_2len_combinations: 10
avg_2len_combinations: 3.729719
0.364
Cycles (1) completed. Stats:
	Parameters:
		Block size: 4194304
		Input size: 989855744
		Effective table size: 4194304
		File name: ../../thesis-testing/lineitem-1gb/lineitem-comments-1gb-1.txt
	Compression:
		Duration (us): 3050294
		Throughput (GB/s): 0.325
		Compressed size: 352082450
	Decompression:
		Duration (us): 2170284
		Throughput (GB/s): 0.456
		Ratio: 2.8114
	Compression phases:
		Table generation (GB/s, us): 2.978 (332381)
		Precomputation (GB/s, us): inf (0)
		Encoding (GB/s, us): 0.364 (2717549)
		Postprocessing (GB/s, us): inf (0)
avg_symbol_2len_start_char: 0.000000,0.000000,0.000000,0.000000,0.000000,0.000000,0.000000,0.000000,0.000000,0.000000,1.668142,0.000000,0.000000,0.000000,0.000000,0.000000,0.000000,0.000000,0.000000,0.000000,0.000000,0.000000,0.000000,0.000000,0.000000,0.000000,0.000000,0.000000,0.000000,0.000000,0.000000,0.000000,0.000000,0.000000,0.000000,0.106195,0.000000,0.000000,0.000000,0.000000,0.000000,0.000000,0.000000,0.000000,0.000000,0.000000,0.000000,0.000000,8.203540,7.637168,7.539823,7.734513,7.323009,7.535398,7.446903,8.066372,7.641593,8.225664,0.000000,0.000000,0.000000,0.000000,0.000000,0.000000,0.000000,0.000000,0.000000,0.061947,0.000000,0.000000,0.000000,0.000000,0.000000,0.000000,0.000000,0.000000,0.000000,0.000000,0.000000,0.000000,0.000000,0.000000,0.000000,0.000000,0.000000,0.000000,0.000000,0.000000,0.000000,0.000000,0.000000,0.000000,0.000000,0.000000,0.000000,0.000000,0.000000,0.000000,0.000000,0.000000,0.000000,0.314159,0.000000,0.000000,0.000000,0.000000,0.000000,0.000000,0.000000,1.371681,0.000000,0.053097,0.000000,0.000000,1.460177,0.190265,1.495575,1.376106,0.000000,0.000000,0.000000,0.000000,0.000000,0.000000,0.000000,0.000000,0.000000,0.000000,0.000000,0.000000,0.000000,0.000000,0.000000,0.000000,0.000000,0.000000,0.000000,0.000000,0.000000,0.000000,0.000000,0.000000,0.000000,0.000000,0.000000,0.000000,0.000000,0.000000,0.000000,0.000000,0.000000,0.000000,0.000000,0.000000,0.000000,0.000000,0.000000,0.000000,0.000000,0.000000,0.000000,0.000000,0.000000,0.000000,0.000000,0.000000,0.000000,0.000000,0.000000,0.000000,0.000000,0.000000,0.000000,0.000000,0.000000,0.000000,0.000000,0.000000,0.000000,0.000000,0.000000,0.000000,0.000000,0.000000,0.000000,0.000000,0.000000,0.000000,0.000000,0.000000,0.000000,0.000000,0.000000,0.000000,0.000000,0.000000,0.000000,0.000000,0.000000,0.000000,0.000000,0.000000,0.000000,0.000000,0.000000,0.000000,0.000000,0.000000,0.000000,0.000000,0.000000,0.000000,0.000000,0.000000,0.000000,0.000000,0.000000,0.000000,0.000000,0.000000,0.000000,0.000000,0.000000,0.000000,0.000000,0.000000,0.000000,0.000000,0.000000,0.000000,0.000000,0.000000,0.000000,0.000000,0.000000,0.000000,0.000000,0.000000,0.000000,0.000000,0.000000,0.000000,0.000000,0.000000,0.000000,0.000000,0.000000,0.000000,0.000000,0.000000,0.000000,0.000000,0.000000,0.000000,0.000000,
avg_symbol_len: 20.663717,85.451324,23.336283,17.194691,14.871681,24.376106,1.084071,42.464603,
avg_symbol_cnt: 229.442474
avg_hashtable_usage: 123.327431
avg_shortcodes_usage: 106.115044
max_2len_start_chars: 19
avg_2len_start_chars: 15.101769
max_2len_combinations: 10
avg_2len_combinations: 5.686296
0.723
Cycles (1) completed. Stats:
	Parameters:
		Block size: 4194304
		Input size: 947912704
		Effective table size: 4194304
		File name: ../../thesis-testing/customer-1gb/customer-id-1gb-1.txt
	Compression:
		Duration (us): 1528983 
		Throughput (GB/s): 0.620
		Compressed size: 244921292
	Decompression:
		Duration (us): 737678
		Throughput (GB/s): 1.285
		Ratio: 3.8703
	Compression phases:
		Table generation (GB/s, us): 4.358 (217500)
		Precomputation (GB/s, us): inf (0)
		Encoding (GB/s, us): 0.723 (1311154)
		Postprocessing (GB/s, us): inf (0)


avg_symbol_2len_start_char: 0.000000,0.000000,0.000000,0.000000,0.000000,0.000000,0.000000,0.000000,0.000000,0.000000,4.554688,0.000000,0.000000,0.000000,0.000000,0.000000,0.000000,0.000000,0.000000,0.000000,0.000000,0.000000,0.000000,0.000000,0.000000,0.000000,0.000000,0.000000,0.000000,0.000000,0.000000,0.000000,2.316406,0.000000,0.000000,0.000000,0.000000,0.000000,0.000000,0.035156,0.000000,0.019531,0.000000,0.000000,1.000000,0.031250,0.000000,0.000000,0.000000,0.000000,0.000000,0.000000,0.000000,0.000000,0.000000,0.000000,0.000000,0.000000,0.000000,0.000000,0.000000,0.000000,0.000000,0.000000,0.000000,0.636719,1.179688,1.402344,0.074219,0.125000,0.156250,0.664062,0.000000,0.597656,0.636719,0.675781,0.691406,1.191406,0.546875,0.007812,0.285156,0.125000,0.082031,0.609375,0.851562,0.054688,0.000000,0.394531,0.000000,0.019531,0.046875,0.000000,0.000000,0.000000,0.000000,0.000000,0.000000,6.960938,0.796875,1.863281,2.195312,5.750000,0.062500,1.160156,2.214844,4.042969,0.609375,1.218750,2.941406,1.050781,2.804688,5.156250,0.390625,0.023438,3.261719,1.882812,2.960938,2.132812,0.253906,0.804688,0.003906,1.589844,0.179688,0.000000,0.000000,0.000000,0.000000,0.000000,0.000000,0.000000,0.000000,0.000000,0.000000,0.000000,0.000000,0.000000,0.000000,0.000000,0.000000,0.000000,0.000000,0.000000,0.000000,0.000000,0.000000,0.000000,0.000000,0.000000,0.000000,0.000000,0.000000,0.000000,0.000000,0.000000,0.000000,0.000000,0.000000,0.000000,0.000000,0.000000,0.000000,0.000000,0.000000,0.000000,0.000000,0.000000,0.000000,0.000000,0.000000,0.000000,0.000000,0.000000,0.000000,0.000000,0.000000,0.000000,0.000000,0.000000,0.000000,0.000000,0.000000,0.000000,0.000000,0.000000,0.000000,0.000000,0.000000,0.000000,0.000000,0.000000,0.000000,0.000000,0.000000,0.000000,0.000000,0.000000,0.000000,0.000000,0.000000,0.000000,0.000000,0.000000,0.000000,0.000000,0.000000,0.000000,0.000000,0.000000,0.000000,0.000000,0.000000,0.000000,0.000000,0.000000,0.000000,0.000000,0.000000,0.000000,0.000000,0.000000,0.000000,0.000000,0.000000,0.000000,0.000000,0.000000,0.000000,0.000000,0.000000,0.000000,0.000000,0.000000,0.000000,0.000000,0.000000,0.000000,0.000000,0.000000,0.000000,0.000000,0.000000,0.000000,0.000000,0.000000,0.000000,0.000000,0.000000,0.000000,0.000000,0.000000,0.000000,0.000000,0.000000,0.000000,0.000000,
avg_symbol_len: 63.000000,71.324219,21.207031,13.171875,14.964844,13.675781,9.921875,26.914062,
avg_symbol_cnt: 234.179688
avg_hashtable_usage: 99.855469
avg_shortcodes_usage: 134.324219
max_2len_start_chars: 37
avg_2len_start_chars: 30.769531
max_2len_combinations: 10
avg_2len_combinations: 2.330076
0.476
Cycles (1) completed. Stats:
	Parameters:
		Block size: 4194304
		Input size: 1073741824
		Effective table size: 4194304
		File name: ../../thesis-testing/gdelt-locations-inflated-1gb/output_locations.txt
	Compression:
		Duration (us): 2536417
		Throughput (GB/s): 0.423
		Compressed size: 458632536
	Decompression:
		Duration (us): 1016652
		Throughput (GB/s): 1.056
		Ratio: 2.3412
	Compression phases:
		Table generation (GB/s, us): 3.847 (279086)
		Precomputation (GB/s, us): inf (0)
		Encoding (GB/s, us): 0.476 (2256945)
		Postprocessing (GB/s, us): inf (0)


avg_symbol_2len_start_char: 0.000000,0.000000,0.000000,0.000000,0.000000,0.000000,0.000000,0.000000,0.000000,0.000000,6.398438,0.000000,0.000000,0.000000,0.000000,0.000000,0.000000,0.000000,0.000000,0.000000,0.000000,0.000000,0.000000,0.000000,0.000000,0.000000,0.000000,0.000000,0.000000,0.000000,0.000000,0.000000,0.000000,0.000000,0.000000,0.000000,0.000000,0.000000,0.000000,0.000000,0.000000,0.000000,0.000000,0.000000,0.000000,0.000000,2.738281,0.000000,0.781250,2.093750,0.980469,0.421875,0.433594,0.433594,0.316406,0.410156,0.371094,0.382812,0.000000,0.000000,0.000000,0.000000,0.000000,0.000000,1.386719,0.000000,0.000000,0.000000,0.000000,0.000000,0.000000,0.000000,0.000000,0.000000,0.000000,0.000000,0.000000,0.000000,0.000000,0.000000,0.000000,0.000000,0.000000,0.000000,0.000000,0.000000,0.000000,0.000000,0.000000,0.000000,0.000000,0.000000,0.000000,0.000000,0.000000,0.023438,0.000000,7.781250,4.761719,4.906250,4.593750,7.027344,1.714844,4.050781,3.570312,7.324219,1.718750,3.605469,6.574219,6.382812,7.976562,6.023438,3.300781,0.003906,5.882812,7.710938,6.601562,5.039062,2.691406,1.968750,0.433594,1.992188,0.261719,0.000000,0.000000,0.000000,0.000000,0.000000,0.000000,0.000000,0.000000,0.000000,0.000000,0.000000,0.000000,0.000000,0.000000,0.000000,0.000000,0.000000,0.000000,0.000000,0.000000,0.000000,0.000000,0.000000,0.000000,0.000000,0.000000,0.000000,0.000000,0.000000,0.000000,0.000000,0.000000,0.000000,0.000000,0.000000,0.000000,0.000000,0.000000,0.000000,0.000000,0.000000,0.000000,0.000000,0.000000,0.000000,0.000000,0.000000,0.000000,0.000000,0.000000,0.000000,0.000000,0.000000,0.000000,0.000000,0.000000,0.000000,0.000000,0.000000,0.000000,0.000000,0.000000,0.000000,0.000000,0.000000,0.000000,0.000000,0.000000,0.000000,0.000000,0.000000,0.000000,0.000000,0.000000,0.000000,0.000000,0.000000,0.000000,0.000000,0.000000,0.000000,0.000000,0.000000,0.000000,0.000000,0.000000,0.000000,0.000000,0.000000,0.000000,0.000000,0.000000,0.000000,0.000000,0.000000,0.000000,0.000000,0.000000,0.000000,0.000000,0.000000,0.000000,0.000000,0.000000,0.000000,0.000000,0.000000,0.000000,0.000000,0.000000,0.000000,0.000000,0.000000,0.000000,0.000000,0.000000,0.000000,0.000000,0.000000,0.000000,0.000000,0.000000,0.000000,0.000000,0.000000,0.000000,0.000000,0.000000,0.000000,0.000000,0.000000,0.000000,
avg_symbol_len: 42.222656,131.070312,19.496094,4.871094,6.875000,9.253906,3.343750,24.187500,
avg_symbol_cnt: 241.320312
avg_hashtable_usage: 68.027344
avg_shortcodes_usage: 173.292969
max_2len_start_chars: 37
avg_2len_start_chars: 31.390625
max_2len_combinations: 10
avg_2len_combinations: 4.189556
0.300
Cycles (1) completed. Stats:
	Parameters:
		Block size: 4194304
		Input size: 1073741824
		Effective table size: 4194304
		File name: ../../thesis-testing/dbtext-inflated-1gb/output_email
	Compression:
		Duration (us): 4159047
		Throughput (GB/s): 0.258
		Compressed size: 524071802
	Decompression:
		Duration (us): 2611769
		Throughput (GB/s): 0.411
		Ratio: 2.0488
	Compression phases:
		Table generation (GB/s, us): 1.847 (581377)
		Precomputation (GB/s, us): inf (0)
		Encoding (GB/s, us): 0.300 (3577280)
		Postprocessing (GB/s, us): inf (0)
avg_symbol_2len_start_char: 0.000000,0.000000,0.000000,0.000000,0.000000,0.000000,0.000000,0.000000,0.000000,0.000000,9.484375,0.000000,0.000000,0.000000,0.000000,0.000000,0.000000,0.000000,0.000000,0.000000,0.000000,0.000000,0.000000,0.000000,0.000000,0.000000,0.000000,0.000000,0.000000,0.000000,0.000000,0.000000,0.000000,0.000000,0.000000,0.000000,0.000000,0.000000,0.000000,0.000000,0.000000,1.000000,0.000000,0.000000,1.000000,0.000000,0.957031,0.000000,0.015625,0.613281,0.003906,0.000000,0.000000,0.000000,0.000000,0.000000,0.000000,0.000000,0.000000,0.000000,0.000000,0.000000,0.000000,0.000000,0.000000,0.058594,0.433594,2.148438,0.273438,0.000000,0.050781,0.187500,0.460938,0.289062,0.328125,0.082031,0.500000,1.363281,0.507812,0.000000,0.402344,0.000000,0.453125,0.617188,0.222656,0.000000,0.039062,0.335938,0.000000,0.000000,0.000000,0.000000,0.000000,0.000000,0.000000,9.519531,0.000000,9.773438,1.480469,4.937500,4.664062,9.007812,0.371094,2.203125,4.394531,9.441406,0.000000,2.566406,6.164062,3.546875,9.062500,9.542969,2.613281,0.007812,6.886719,6.316406,7.613281,6.378906,2.503906,0.906250,0.000000,2.035156,0.003906,0.000000,0.000000,0.000000,0.000000,0.000000,0.000000,0.000000,0.000000,0.000000,0.000000,0.000000,0.000000,0.000000,0.000000,0.000000,0.000000,0.000000,0.000000,0.000000,0.000000,0.000000,0.000000,0.000000,0.000000,0.000000,0.000000,0.000000,0.000000,0.000000,0.000000,0.000000,0.000000,0.000000,0.000000,0.000000,0.000000,0.000000,0.000000,0.000000,0.000000,0.000000,0.000000,0.000000,0.000000,0.000000,0.000000,0.000000,0.000000,0.000000,0.000000,0.000000,0.000000,0.000000,0.000000,0.000000,0.000000,0.000000,0.000000,0.000000,0.000000,0.000000,0.000000,0.000000,0.000000,0.000000,0.000000,0.000000,0.000000,0.000000,0.000000,0.000000,0.000000,0.035156,0.000000,0.000000,0.000000,0.000000,0.000000,0.000000,0.000000,0.000000,0.000000,0.000000,0.000000,0.000000,0.000000,0.000000,0.000000,0.000000,0.000000,0.000000,0.000000,0.000000,0.000000,0.000000,0.000000,0.000000,0.000000,0.000000,0.000000,0.000000,0.000000,0.000000,0.000000,0.000000,0.000000,0.000000,0.000000,0.000000,0.000000,0.000000,0.000000,0.000000,0.000000,0.000000,0.000000,0.000000,0.000000,0.000000,0.000000,0.000000,0.000000,0.000000,0.000000,0.000000,0.000000,0.000000,0.000000,0.000000,0.000000,0.000000,0.000000,
avg_symbol_len: 69.671875,143.804688,30.875000,3.925781,2.593750,0.984375,0.828125,0.316406,
avg_symbol_cnt: 253.000000
avg_hashtable_usage: 39.523438
avg_shortcodes_usage: 213.476562
max_2len_start_chars: 38
avg_2len_start_chars: 33.289062
max_2len_combinations: 10
avg_2len_combinations: 4.330554
0.243
Cycles (1) completed. Stats:
	Parameters:
		Block size: 4194304
		Input size: 1073741824
		Effective table size: 4194304
		File name: ../../thesis-testing/dbtext-inflated-1gb/output_yago
	Compression:
		Duration (us): 5120648
		Throughput (GB/s): 0.210
		Compressed size: 682983415
	Decompression:
		Duration (us): 2919101
		Throughput (GB/s): 0.368
		Ratio: 1.5721
	Compression phases:
		Table generation (GB/s, us): 1.546 (694588)
		Precomputation (GB/s, us): inf (0)
		Encoding (GB/s, us): 0.243 (4425668)
		Postprocessing (GB/s, us): inf (0)
avg_symbol_2len_start_char: 0.000000,0.000000,0.000000,0.000000,0.000000,0.000000,0.000000,0.000000,0.000000,0.000000,8.230469,0.000000,0.000000,0.000000,0.000000,0.000000,0.000000,0.000000,0.000000,0.000000,0.000000,0.000000,0.000000,0.000000,0.000000,0.000000,0.000000,0.000000,0.000000,0.000000,0.000000,0.000000,0.000000,0.000000,0.000000,0.000000,0.000000,0.000000,0.000000,0.000000,0.000000,1.000000,0.000000,0.000000,1.000000,0.000000,0.617188,0.003906,0.031250,0.953125,0.437500,0.000000,0.000000,0.000000,0.000000,0.000000,0.000000,0.000000,0.000000,0.000000,0.000000,0.000000,0.000000,0.000000,0.000000,0.148438,0.144531,1.234375,0.167969,0.000000,0.011719,0.015625,0.214844,0.289062,0.062500,0.000000,0.765625,0.710938,0.156250,0.000000,0.269531,0.000000,0.890625,0.171875,0.062500,0.000000,0.007812,0.378906,0.000000,0.000000,0.000000,0.000000,0.000000,0.000000,0.000000,7.839844,0.000000,9.550781,1.871094,5.421875,4.105469,8.507812,0.304688,2.242188,3.914062,8.554688,0.000000,1.617188,5.847656,3.777344,8.441406,8.460938,2.894531,0.007812,6.015625,7.347656,7.292969,5.535156,2.210938,0.660156,0.000000,1.992188,0.000000,0.000000,0.000000,0.000000,0.000000,0.000000,0.000000,0.000000,0.000000,0.000000,0.000000,0.000000,0.000000,0.000000,0.000000,0.000000,0.000000,0.000000,0.000000,0.000000,0.000000,0.000000,0.000000,0.000000,0.000000,0.000000,0.000000,0.000000,0.000000,0.000000,0.000000,0.000000,0.000000,0.000000,0.000000,0.000000,0.000000,0.000000,0.000000,0.000000,0.000000,0.000000,0.000000,0.000000,0.000000,0.000000,0.000000,0.000000,0.000000,0.000000,0.000000,0.000000,0.000000,0.000000,0.000000,0.000000,0.000000,0.000000,0.000000,0.000000,0.000000,0.000000,0.000000,0.000000,0.000000,0.000000,0.000000,0.000000,0.000000,0.000000,0.000000,0.000000,0.000000,0.000000,0.000000,0.000000,0.000000,0.000000,0.000000,0.000000,0.000000,0.000000,0.000000,0.000000,0.000000,0.000000,0.000000,0.000000,0.000000,0.000000,0.000000,0.000000,0.000000,0.000000,0.000000,0.000000,0.000000,0.000000,0.000000,0.000000,0.000000,0.000000,0.000000,0.000000,0.000000,0.000000,0.000000,0.000000,0.000000,0.000000,0.000000,0.000000,0.000000,0.000000,0.000000,0.000000,0.000000,0.000000,0.000000,0.000000,0.000000,0.000000,0.000000,0.000000,0.000000,0.000000,0.000000,0.000000,0.000000,0.000000,0.000000,0.000000,0.000000,
avg_symbol_len: 73.277344,132.390625,27.312500,6.195312,6.089844,1.253906,2.089844,4.390625,
avg_symbol_cnt: 253.000000
avg_hashtable_usage: 47.332031
avg_shortcodes_usage: 205.667969
max_2len_start_chars: 37
avg_2len_start_chars: 31.695312
max_2len_combinations: 10
avg_2len_combinations: 4.190076
0.246
Cycles (1) completed. Stats:
	Parameters:
		Block size: 4194304
		Input size: 1073741824
		Effective table size: 4194304
		File name: ../../thesis-testing/dbtext-inflated-1gb/output_wiki
	Compression:
		Duration (us): 5034004
		Throughput (GB/s): 0.213
		Compressed size: 672934732
	Decompression:
		Duration (us): 2914509
		Throughput (GB/s): 0.368
		Ratio: 1.5956
	Compression phases:
		Table generation (GB/s, us): 1.596 (672738)
		Precomputation (GB/s, us): inf (0)
		Encoding (GB/s, us): 0.246 (4360890)
		Postprocessing (GB/s, us): inf (0)
avg_symbol_2len_start_char: 0.000000,0.000000,0.000000,0.000000,0.000000,0.000000,0.000000,0.000000,0.000000,0.000000,0.007812,0.000000,0.000000,0.000000,0.000000,0.000000,0.000000,0.000000,0.000000,0.000000,0.000000,0.000000,0.000000,0.000000,0.000000,0.000000,0.000000,0.000000,0.000000,0.000000,0.000000,0.000000,0.000000,0.000000,0.000000,0.000000,0.000000,0.066406,0.019531,0.000000,0.000000,0.000000,0.000000,0.000000,0.070312,0.929688,1.031250,4.375000,0.890625,1.699219,0.855469,0.031250,0.011719,0.015625,0.007812,0.015625,0.003906,0.023438,0.000000,0.000000,0.000000,0.031250,0.000000,0.000000,0.000000,0.054688,0.000000,0.199219,0.000000,0.003906,0.000000,0.003906,0.000000,0.000000,0.000000,0.000000,0.003906,0.207031,0.000000,0.000000,0.015625,0.000000,0.003906,0.007812,0.011719,0.000000,0.000000,0.000000,0.000000,0.000000,0.000000,0.000000,0.000000,0.000000,0.000000,2.742188,0.000000,8.355469,2.949219,5.167969,3.269531,7.914062,1.464844,2.718750,3.175781,7.824219,0.003906,0.609375,4.875000,2.941406,6.132812,6.269531,3.894531,0.015625,4.777344,8.640625,6.628906,4.625000,2.054688,0.609375,0.000000,0.613281,0.003906,0.000000,0.000000,0.000000,0.000000,0.000000,0.000000,0.000000,0.000000,0.000000,0.000000,0.000000,0.000000,0.000000,0.000000,0.000000,0.000000,0.000000,0.000000,0.000000,0.000000,0.000000,0.000000,0.000000,0.000000,0.000000,0.000000,0.000000,0.000000,0.000000,0.000000,0.000000,0.000000,0.000000,0.000000,0.000000,0.000000,0.000000,0.000000,0.000000,0.000000,0.000000,0.000000,0.000000,0.000000,0.000000,0.000000,0.000000,0.000000,0.000000,0.000000,0.000000,0.000000,0.000000,0.000000,0.000000,0.000000,0.000000,0.000000,0.000000,0.000000,0.000000,0.000000,0.000000,0.000000,0.000000,0.000000,0.000000,0.000000,0.000000,0.000000,0.000000,0.000000,0.000000,0.000000,0.000000,0.000000,0.000000,0.000000,0.000000,0.000000,0.000000,0.000000,0.000000,0.000000,0.000000,0.000000,0.000000,0.000000,0.000000,0.000000,0.000000,0.000000,0.000000,0.000000,0.000000,0.000000,0.000000,0.000000,0.000000,0.000000,0.000000,0.000000,0.000000,0.000000,0.000000,0.000000,0.000000,0.000000,0.000000,0.000000,0.000000,0.000000,0.000000,0.000000,0.000000,0.000000,0.000000,0.000000,0.000000,0.000000,0.000000,0.000000,0.000000,0.000000,0.000000,0.000000,0.000000,0.000000,0.000000,0.000000,0.000000,0.000000,
avg_symbol_len: 75.671875,108.875000,16.621094,6.601562,12.089844,3.738281,6.648438,22.449219,
avg_symbol_cnt: 252.695312
avg_hashtable_usage: 68.148438
avg_shortcodes_usage: 184.546875
max_2len_start_chars: 30
avg_2len_start_chars: 26.683594
max_2len_combinations: 10
avg_2len_combinations: 4.090353
0.325
Cycles (1) completed. Stats:
	Parameters:
		Block size: 4194304
		Input size: 1073741824
		Effective table size: 4194304
		File name: ../../thesis-testing/dbtext-inflated-1gb/output_urls2
	Compression:
		Duration (us): 3820276
		Throughput (GB/s): 0.281
		Compressed size: 517848664
	Decompression:
		Duration (us): 2200298
		Throughput (GB/s): 0.488
		Ratio: 2.0735
	Compression phases:
		Table generation (GB/s, us): 2.068 (519300)
		Precomputation (GB/s, us): inf (0)
		Encoding (GB/s, us): 0.325 (3300577)
		Postprocessing (GB/s, us): inf (0)
avg_symbol_2len_start_char: 0.000000,0.000000,0.000000,0.000000,0.000000,0.000000,0.000000,0.000000,0.000000,0.000000,0.000000,0.000000,0.000000,0.000000,0.000000,0.000000,0.000000,0.000000,0.000000,0.000000,0.000000,0.000000,0.000000,0.000000,0.000000,0.000000,0.000000,0.000000,0.000000,0.000000,0.000000,0.000000,0.000000,0.000000,0.000000,0.000000,0.000000,0.000000,0.000000,0.000000,0.000000,0.000000,0.000000,0.000000,0.000000,2.988281,1.105469,3.671875,4.222656,4.113281,4.371094,2.257812,1.769531,2.003906,1.074219,0.984375,0.890625,0.949219,5.718750,0.000000,0.000000,0.000000,0.000000,0.000000,0.000000,0.046875,0.000000,0.000000,0.000000,0.000000,0.003906,0.007812,0.000000,0.000000,0.000000,0.000000,0.000000,0.015625,0.000000,0.000000,0.007812,0.000000,0.000000,0.000000,2.824219,0.000000,0.000000,0.003906,0.000000,0.000000,0.000000,0.000000,0.000000,0.000000,0.000000,0.093750,0.000000,5.445312,0.003906,3.593750,0.957031,4.238281,0.000000,1.500000,0.761719,2.683594,0.003906,0.070312,3.691406,1.687500,2.164062,2.699219,0.316406,0.828125,2.761719,3.492188,1.941406,2.105469,1.078125,1.128906,0.000000,0.050781,0.000000,0.000000,0.000000,0.000000,0.000000,0.000000,0.000000,0.000000,0.000000,0.000000,0.000000,0.000000,0.000000,0.000000,0.000000,0.000000,0.000000,0.000000,0.000000,0.000000,0.000000,0.000000,0.000000,0.000000,0.000000,0.000000,0.000000,0.000000,0.000000,0.000000,0.000000,0.000000,0.000000,0.000000,0.000000,0.000000,0.000000,0.000000,0.000000,0.000000,0.000000,0.000000,0.000000,0.000000,0.000000,0.000000,0.000000,0.000000,0.000000,0.000000,0.000000,0.000000,0.000000,0.000000,0.000000,0.000000,0.000000,0.000000,0.000000,0.000000,0.000000,0.000000,0.000000,0.000000,0.000000,0.000000,0.000000,0.000000,0.000000,0.000000,0.000000,0.000000,0.000000,0.000000,0.000000,0.000000,0.000000,0.000000,0.000000,0.000000,0.000000,0.000000,0.000000,0.000000,0.000000,0.000000,0.000000,0.000000,0.000000,0.000000,0.000000,0.000000,0.000000,0.000000,0.000000,0.000000,0.000000,0.000000,0.000000,0.000000,0.000000,0.000000,0.058594,0.011719,0.000000,0.000000,0.000000,0.000000,0.000000,0.000000,0.000000,0.000000,0.000000,0.000000,0.000000,0.000000,0.000000,0.000000,0.000000,0.000000,0.000000,0.000000,0.000000,0.000000,0.000000,0.000000,0.000000,0.000000,0.000000,0.000000,0.000000,0.000000,0.000000,
avg_symbol_len: 79.871094,82.398438,18.703125,9.277344,20.757812,6.167969,6.750000,28.992188,
avg_symbol_cnt: 252.917969
avg_hashtable_usage: 90.648438
avg_shortcodes_usage: 162.269531
max_2len_start_chars: 34
avg_2len_start_chars: 30.460938
max_2len_combinations: 9
avg_2len_combinations: 2.710089
0.408
Cycles (1) completed. Stats:
	Parameters:
		Block size: 4194304
		Input size: 1073741824
		Effective table size: 4194304
		File name: ../../thesis-testing/dbtext-inflated-1gb/output_urls
	Compression:
		Duration (us): 3007727
		Throughput (GB/s): 0.357
		Compressed size: 437965721
	Decompression:
		Duration (us): 1593631
		Throughput (GB/s): 0.674
		Ratio: 2.4517
	Compression phases:
		Table generation (GB/s, us): 2.842 (377782)
		Precomputation (GB/s, us): inf (0)
		Encoding (GB/s, us): 0.408 (2629562)
		Postprocessing (GB/s, us): inf (0)
avg_symbol_2len_start_char: 0.000000,0.000000,0.000000,0.000000,0.000000,0.000000,0.000000,0.000000,0.000000,0.000000,0.000000,0.000000,0.000000,0.000000,0.000000,0.000000,0.000000,0.000000,0.000000,0.000000,0.000000,0.000000,0.000000,0.000000,0.000000,0.000000,0.000000,0.000000,0.000000,0.000000,0.000000,0.000000,0.000000,0.000000,0.000000,0.000000,0.000000,0.000000,0.000000,0.000000,0.000000,0.000000,0.000000,0.000000,0.000000,9.847656,0.000000,0.000000,7.964844,9.121094,7.218750,9.484375,8.832031,9.523438,8.164062,9.683594,7.996094,10.000000,0.000000,0.000000,0.000000,0.000000,0.000000,0.000000,0.000000,0.000000,0.000000,0.000000,0.000000,0.000000,0.000000,0.000000,0.000000,0.000000,0.000000,0.000000,0.000000,0.000000,0.000000,0.000000,0.000000,0.000000,0.000000,0.000000,0.000000,0.000000,0.000000,0.000000,0.000000,0.000000,0.000000,0.000000,0.000000,0.000000,0.000000,0.000000,0.000000,10.000000,10.000000,10.000000,10.000000,9.472656,9.679688,0.000000,0.000000,0.000000,0.000000,0.000000,0.000000,0.000000,0.000000,0.000000,0.000000,0.000000,0.000000,0.000000,0.000000,0.000000,0.000000,0.000000,0.000000,0.000000,0.000000,0.000000,0.000000,0.000000,0.000000,0.000000,0.000000,0.000000,0.000000,0.000000,0.000000,0.000000,0.000000,0.000000,0.000000,0.000000,0.000000,0.000000,0.000000,0.000000,0.000000,0.000000,0.000000,0.000000,0.000000,0.000000,0.000000,0.000000,0.000000,0.000000,0.000000,0.000000,0.000000,0.000000,0.000000,0.000000,0.000000,0.000000,0.000000,0.000000,0.000000,0.000000,0.000000,0.000000,0.000000,0.000000,0.000000,0.000000,0.000000,0.000000,0.000000,0.000000,0.000000,0.000000,0.000000,0.000000,0.000000,0.000000,0.000000,0.000000,0.000000,0.000000,0.000000,0.000000,0.000000,0.000000,0.000000,0.000000,0.000000,0.000000,0.000000,0.000000,0.000000,0.000000,0.000000,0.000000,0.000000,0.000000,0.000000,0.000000,0.000000,0.000000,0.000000,0.000000,0.000000,0.000000,0.000000,0.000000,0.000000,0.000000,0.000000,0.000000,0.000000,0.000000,0.000000,0.000000,0.000000,0.000000,0.000000,0.000000,0.000000,0.000000,0.000000,0.000000,0.000000,0.000000,0.000000,0.000000,0.000000,0.000000,0.000000,0.000000,0.000000,0.000000,0.000000,0.000000,0.000000,0.000000,0.000000,0.000000,0.000000,0.000000,0.000000,0.000000,0.000000,0.000000,0.000000,0.000000,0.000000,0.000000,0.000000,0.000000,0.000000,
avg_symbol_len: 19.000000,156.988281,2.777344,16.648438,0.398438,3.695312,1.031250,10.109375,
avg_symbol_cnt: 210.648438
avg_hashtable_usage: 34.660156
avg_shortcodes_usage: 175.988281
max_2len_start_chars: 17
avg_2len_start_chars: 17.000000
max_2len_combinations: 10
avg_2len_combinations: 9.234609
0.352
Cycles (1) completed. Stats:
	Parameters:
		Block size: 4194304
		Input size: 1073741824
		Effective table size: 4194304
		File name: ../../thesis-testing/dbtext-inflated-1gb/output_uuid
	Compression:
		Duration (us): 3627608
		Throughput (GB/s): 0.296
		Compressed size: 486609425
	Decompression:
		Duration (us): 1943353
		Throughput (GB/s): 0.553
		Ratio: 2.2066
	Compression phases:
		Table generation (GB/s, us): 1.874 (573012)
		Precomputation (GB/s, us): inf (0)
		Encoding (GB/s, us): 0.352 (3054216)
		Postprocessing (GB/s, us): inf (0)
avg_symbol_2len_start_char: 0.000000,0.000000,0.000000,0.000000,0.000000,0.000000,0.000000,0.000000,0.000000,0.000000,10.000000,0.000000,0.000000,0.000000,0.000000,0.000000,0.000000,0.000000,0.000000,0.000000,0.000000,0.000000,0.000000,0.000000,0.000000,0.000000,0.000000,0.000000,0.000000,0.000000,0.000000,0.000000,0.000000,0.000000,0.000000,0.000000,0.000000,0.000000,0.000000,0.000000,0.000000,0.000000,0.000000,0.000000,0.000000,0.000000,0.000000,0.000000,8.027344,10.000000,9.949219,9.988281,9.992188,9.960938,9.988281,9.992188,9.957031,9.976562,0.000000,0.000000,0.000000,0.000000,0.000000,0.000000,0.000000,9.992188,9.980469,9.980469,9.996094,9.980469,10.000000,0.000000,0.000000,0.000000,0.000000,0.000000,0.000000,0.000000,0.000000,0.000000,0.000000,0.000000,0.000000,0.000000,0.000000,0.000000,0.000000,0.000000,0.000000,0.000000,0.000000,0.000000,0.000000,0.000000,0.000000,0.000000,0.000000,0.000000,0.000000,0.000000,0.000000,0.000000,0.000000,0.000000,0.000000,0.000000,0.000000,0.000000,0.000000,0.000000,0.000000,0.000000,0.000000,0.000000,0.000000,0.000000,0.000000,0.000000,0.000000,0.000000,0.000000,0.000000,0.000000,0.000000,0.000000,0.000000,0.000000,0.000000,0.000000,0.000000,0.000000,0.000000,0.000000,0.000000,0.000000,0.000000,0.000000,0.000000,0.000000,0.000000,0.000000,0.000000,0.000000,0.000000,0.000000,0.000000,0.000000,0.000000,0.000000,0.000000,0.000000,0.000000,0.000000,0.000000,0.000000,0.000000,0.000000,0.000000,0.000000,0.000000,0.000000,0.000000,0.000000,0.000000,0.000000,0.000000,0.000000,0.000000,0.000000,0.000000,0.000000,0.000000,0.000000,0.000000,0.000000,0.000000,0.000000,0.000000,0.000000,0.000000,0.000000,0.000000,0.000000,0.000000,0.000000,0.000000,0.000000,0.000000,0.000000,0.000000,0.000000,0.000000,0.000000,0.000000,0.000000,0.000000,0.000000,0.000000,0.000000,0.000000,0.000000,0.000000,0.000000,0.000000,0.000000,0.000000,0.000000,0.000000,0.000000,0.000000,0.000000,0.000000,0.000000,0.000000,0.000000,0.000000,0.000000,0.000000,0.000000,0.000000,0.000000,0.000000,0.000000,0.000000,0.000000,0.000000,0.000000,0.000000,0.000000,0.000000,0.000000,0.000000,0.000000,0.000000,0.000000,0.000000,0.000000,0.000000,0.000000,0.000000,0.000000,0.000000,0.000000,0.000000,0.000000,0.000000,0.000000,0.000000,0.000000,0.000000,0.000000,0.000000,0.000000,0.000000,0.000000,
avg_symbol_len: 18.000000,167.761719,0.003906,0.000000,0.000000,0.000000,0.000000,0.000000,
avg_symbol_cnt: 185.765625
avg_hashtable_usage: 0.003906
avg_shortcodes_usage: 185.761719
max_2len_start_chars: 17
avg_2len_start_chars: 17.000000
max_2len_combinations: 10
avg_2len_combinations: 9.868320
0.267
Cycles (1) completed. Stats:
	Parameters:
		Block size: 4194304
		Input size: 1073741824
		Effective table size: 4194304
		File name: ../../thesis-testing/dbtext-inflated-1gb/output_hex
	Compression:
		Duration (us): 4819080
		Throughput (GB/s): 0.223
		Compressed size: 664965754
	Decompression:
		Duration (us): 2533386
		Throughput (GB/s): 0.424
		Ratio: 1.6147
	Compression phases:
		Table generation (GB/s, us): 1.357 (791436)
		Precomputation (GB/s, us): inf (0)
		Encoding (GB/s, us): 0.267 (4027258)
		Postprocessing (GB/s, us): inf (0)
		
2.8114,
3.8703,
2.3412,
2.0488,
1.5721,
1.5956,
2.0735,
2.4517,
2.2066,
1.6147,

TPC-H:  3.3408
GDelt:  2.3412
DBtext: 1.9376

