avg_symbol_2len_start_char: 0.000000,0.000000,0.000000,0.000000,0.000000,0.000000,0.000000,0.000000,0.000000,0.000000,4.000000,0.000000,0.000000,0.000000,0.000000,0.000000,0.000000,0.000000,0.000000,0.000000,0.000000,0.000000,0.000000,0.000000,0.000000,0.000000,0.000000,0.000000,0.000000,0.000000,0.000000,0.000000,4.000000,0.000000,0.000000,0.000000,0.000000,0.000000,0.000000,0.000000,0.000000,0.000000,0.000000,0.000000,1.000000,0.000000,1.033898,0.000000,0.000000,0.000000,0.000000,0.000000,0.000000,0.000000,0.000000,0.000000,0.000000,0.000000,0.000000,0.004237,0.000000,0.000000,0.000000,0.000000,0.000000,0.000000,0.000000,0.000000,0.000000,0.000000,0.000000,0.000000,0.000000,0.000000,0.000000,0.000000,0.000000,0.000000,0.000000,0.000000,0.000000,0.000000,0.000000,0.000000,0.000000,0.000000,0.000000,0.000000,0.000000,0.000000,0.000000,0.000000,0.000000,0.000000,0.000000,0.000000,0.000000,3.978814,1.351695,3.911017,2.343220,3.843220,2.953390,1.432203,1.050847,3.881356,0.016949,0.550847,3.974576,0.351695,2.639831,3.690678,2.766949,0.614407,3.983051,3.762712,3.741525,3.478814,0.978814,0.652542,0.207627,2.351695,0.000000,0.000000,0.000000,0.000000,0.000000,0.000000,0.000000,0.000000,0.000000,0.000000,0.000000,0.000000,0.000000,0.000000,0.000000,0.000000,0.000000,0.000000,0.000000,0.000000,0.000000,0.000000,0.000000,0.000000,0.000000,0.000000,0.000000,0.000000,0.000000,0.000000,0.000000,0.000000,0.000000,0.000000,0.000000,0.000000,0.000000,0.000000,0.000000,0.000000,0.000000,0.000000,0.000000,0.000000,0.000000,0.000000,0.000000,0.000000,0.000000,0.000000,0.000000,0.000000,0.000000,0.000000,0.000000,0.000000,0.000000,0.000000,0.000000,0.000000,0.000000,0.000000,0.000000,0.000000,0.000000,0.000000,0.000000,0.000000,0.000000,0.000000,0.000000,0.000000,0.000000,0.000000,0.000000,0.000000,0.000000,0.000000,0.000000,0.000000,0.000000,0.000000,0.000000,0.000000,0.000000,0.000000,0.000000,0.000000,0.000000,0.000000,0.000000,0.000000,0.000000,0.000000,0.000000,0.000000,0.000000,0.000000,0.000000,0.000000,0.000000,0.000000,0.000000,0.000000,0.000000,0.000000,0.000000,0.000000,0.000000,0.000000,0.000000,0.000000,0.000000,0.000000,0.000000,0.000000,0.000000,0.000000,0.000000,0.000000,0.000000,0.000000,0.000000,0.000000,0.000000,0.000000,0.000000,0.000000,0.000000,0.000000,0.000000,0.000000,0.000000,
avg_symbol_len: 36.754238,68.546608,21.317797,14.122881,16.716103,18.233051,13.283898,33.216103,
avg_symbol_cnt: 222.190674
avg_hashtable_usage: 116.889832
avg_shortcodes_usage: 105.300850
max_2len_start_chars: 28
avg_2len_start_chars: 24.775423
max_2len_combinations: 4
avg_2len_combinations: 2.771731
0.353
Cycles (1) completed. Stats:
	Parameters:
		Block size: 4194304
		Input size: 989855744
		Effective table size: 4194304
		File name: ../../thesis-testing/lineitem-1gb/lineitem-comments-1gb-1.txt
	Compression:
		Duration (us): 3140197
		Throughput (GB/s): 0.315
		Compressed size: 359356706
	Decompression:
		Duration (us): 2284438
		Throughput (GB/s): 0.433
		Ratio: 2.7545
	Compression phases:
		Table generation (GB/s, us): 2.957 (334768)
		Precomputation (GB/s, us): inf (0)
		Encoding (GB/s, us): 0.353 (2805034)
		Postprocessing (GB/s, us): inf (0)
avg_symbol_2len_start_char: 0.000000,0.000000,0.000000,0.000000,0.000000,0.000000,0.000000,0.000000,0.000000,0.000000,1.650442,0.000000,0.000000,0.000000,0.000000,0.000000,0.000000,0.000000,0.000000,0.000000,0.000000,0.000000,0.000000,0.000000,0.000000,0.000000,0.000000,0.000000,0.000000,0.000000,0.000000,0.000000,0.000000,0.000000,0.000000,0.101770,0.000000,0.000000,0.000000,0.000000,0.000000,0.000000,0.000000,0.000000,0.000000,0.000000,0.000000,0.000000,3.995575,3.982301,3.964602,3.991150,3.973451,3.960177,3.942478,3.995575,3.969027,3.991150,0.000000,0.000000,0.000000,0.000000,0.000000,0.000000,0.000000,0.000000,0.000000,0.061947,0.000000,0.000000,0.000000,0.000000,0.000000,0.000000,0.000000,0.000000,0.000000,0.000000,0.000000,0.000000,0.000000,0.000000,0.000000,0.000000,0.000000,0.000000,0.000000,0.000000,0.000000,0.000000,0.000000,0.000000,0.000000,0.000000,0.000000,0.000000,0.000000,0.000000,0.000000,0.000000,0.000000,0.314159,0.000000,0.000000,0.000000,0.000000,0.000000,0.000000,0.000000,1.371681,0.000000,0.053097,0.000000,0.000000,1.455752,0.190265,1.495575,1.376106,0.000000,0.000000,0.000000,0.000000,0.000000,0.000000,0.000000,0.000000,0.000000,0.000000,0.000000,0.000000,0.000000,0.000000,0.000000,0.000000,0.000000,0.000000,0.000000,0.000000,0.000000,0.000000,0.000000,0.000000,0.000000,0.000000,0.000000,0.000000,0.000000,0.000000,0.000000,0.000000,0.000000,0.000000,0.000000,0.000000,0.000000,0.000000,0.000000,0.000000,0.000000,0.000000,0.000000,0.000000,0.000000,0.000000,0.000000,0.000000,0.000000,0.000000,0.000000,0.000000,0.000000,0.000000,0.000000,0.000000,0.000000,0.000000,0.000000,0.000000,0.000000,0.000000,0.000000,0.000000,0.000000,0.000000,0.000000,0.000000,0.000000,0.000000,0.000000,0.000000,0.000000,0.000000,0.000000,0.000000,0.000000,0.000000,0.000000,0.000000,0.000000,0.000000,0.000000,0.000000,0.000000,0.000000,0.000000,0.000000,0.000000,0.000000,0.000000,0.000000,0.000000,0.000000,0.000000,0.000000,0.000000,0.000000,0.000000,0.000000,0.000000,0.000000,0.000000,0.000000,0.000000,0.000000,0.000000,0.000000,0.000000,0.000000,0.000000,0.000000,0.000000,0.000000,0.000000,0.000000,0.000000,0.000000,0.000000,0.000000,0.000000,0.000000,0.000000,0.000000,0.000000,0.000000,0.000000,0.000000,0.000000,0.000000,0.000000,0.000000,0.000000,0.000000,0.000000,0.000000,0.000000,
avg_symbol_len: 20.663717,47.836285,23.336283,17.194691,14.871681,24.376106,1.084071,42.464603,
avg_symbol_cnt: 191.827438
avg_hashtable_usage: 123.327431
avg_shortcodes_usage: 68.500000
max_2len_start_chars: 19
avg_2len_start_chars: 15.101769
max_2len_combinations: 4
avg_2len_combinations: 3.176882
0.637
Cycles (1) completed. Stats:
	Parameters:
		Block size: 4194304
		Input size: 947912704
		Effective table size: 4194304
		File name: ../../thesis-testing/customer-1gb/customer-id-1gb-1.txt
	Compression:
		Duration (us): 1708047
		Throughput (GB/s): 0.555
		Compressed size: 272158893
	Decompression:
		Duration (us): 811268
		Throughput (GB/s): 1.168
		Ratio: 3.4829
	Compression phases:
		Table generation (GB/s, us): 4.304 (220232)
		Precomputation (GB/s, us): inf (0)
		Encoding (GB/s, us): 0.637 (1487466)
		Postprocessing (GB/s, us): inf (0)


avg_symbol_2len_start_char: 0.000000,0.000000,0.000000,0.000000,0.000000,0.000000,0.000000,0.000000,0.000000,0.000000,3.421875,0.000000,0.000000,0.000000,0.000000,0.000000,0.000000,0.000000,0.000000,0.000000,0.000000,0.000000,0.000000,0.000000,0.000000,0.000000,0.000000,0.000000,0.000000,0.000000,0.000000,0.000000,1.960938,0.000000,0.000000,0.000000,0.000000,0.000000,0.000000,0.031250,0.000000,0.015625,0.000000,0.000000,1.000000,0.031250,0.000000,0.000000,0.000000,0.000000,0.000000,0.000000,0.000000,0.000000,0.000000,0.000000,0.000000,0.000000,0.000000,0.000000,0.000000,0.000000,0.000000,0.000000,0.000000,0.503906,1.078125,1.324219,0.039062,0.097656,0.109375,0.585938,0.000000,0.480469,0.625000,0.601562,0.605469,1.164062,0.421875,0.003906,0.238281,0.109375,0.070312,0.460938,0.738281,0.046875,0.000000,0.285156,0.000000,0.015625,0.042969,0.000000,0.000000,0.000000,0.000000,0.000000,0.000000,3.929688,0.777344,1.738281,2.039062,3.894531,0.042969,1.042969,2.046875,3.398438,0.562500,1.152344,2.574219,0.968750,2.562500,3.882812,0.292969,0.023438,2.964844,1.664062,2.636719,2.003906,0.238281,0.765625,0.000000,1.441406,0.085938,0.000000,0.000000,0.000000,0.000000,0.000000,0.000000,0.000000,0.000000,0.000000,0.000000,0.000000,0.000000,0.000000,0.000000,0.000000,0.000000,0.000000,0.000000,0.000000,0.000000,0.000000,0.000000,0.000000,0.000000,0.000000,0.000000,0.000000,0.000000,0.000000,0.000000,0.000000,0.000000,0.000000,0.000000,0.000000,0.000000,0.000000,0.000000,0.000000,0.000000,0.000000,0.000000,0.000000,0.000000,0.000000,0.000000,0.000000,0.000000,0.000000,0.000000,0.000000,0.000000,0.000000,0.000000,0.000000,0.000000,0.000000,0.000000,0.000000,0.000000,0.000000,0.000000,0.000000,0.000000,0.000000,0.000000,0.000000,0.000000,0.000000,0.000000,0.000000,0.000000,0.000000,0.000000,0.000000,0.000000,0.000000,0.000000,0.000000,0.000000,0.000000,0.000000,0.000000,0.000000,0.000000,0.000000,0.000000,0.000000,0.000000,0.000000,0.000000,0.000000,0.000000,0.000000,0.000000,0.000000,0.000000,0.000000,0.000000,0.000000,0.000000,0.000000,0.000000,0.000000,0.000000,0.000000,0.000000,0.000000,0.000000,0.000000,0.000000,0.000000,0.000000,0.000000,0.000000,0.000000,0.000000,0.000000,0.000000,0.000000,0.000000,0.000000,0.000000,0.000000,0.000000,0.000000,0.000000,0.000000,0.000000,0.000000,0.000000,0.000000,
avg_symbol_len: 63.000000,58.839844,21.207031,13.171875,14.964844,13.675781,9.921875,26.914062,
avg_symbol_cnt: 221.695312
avg_hashtable_usage: 99.855469
avg_shortcodes_usage: 121.839844
max_2len_start_chars: 30
avg_2len_start_chars: 29.406250
max_2len_combinations: 4
avg_2len_combinations: 2.006368
0.471
Cycles (1) completed. Stats:
	Parameters:
		Block size: 4194304
		Input size: 1073741824
		Effective table size: 4194304
		File name: ../../thesis-testing/gdelt-locations-inflated-1gb/output_locations.txt
	Compression:
		Duration (us): 2559327
		Throughput (GB/s): 0.420
		Compressed size: 465425792
	Decompression:
		Duration (us): 1046651
		Throughput (GB/s): 1.026
		Ratio: 2.3070
	Compression phases:
		Table generation (GB/s, us): 3.841 (279543)
		Precomputation (GB/s, us): inf (0)
		Encoding (GB/s, us): 0.471 (2279369)
		Postprocessing (GB/s, us): inf (0)


avg_symbol_2len_start_char: 0.000000,0.000000,0.000000,0.000000,0.000000,0.000000,0.000000,0.000000,0.000000,0.000000,2.824219,0.000000,0.000000,0.000000,0.000000,0.000000,0.000000,0.000000,0.000000,0.000000,0.000000,0.000000,0.000000,0.000000,0.000000,0.000000,0.000000,0.000000,0.000000,0.000000,0.000000,0.000000,0.000000,0.000000,0.000000,0.000000,0.000000,0.000000,0.000000,0.000000,0.000000,0.000000,0.000000,0.000000,0.000000,0.000000,2.148438,0.000000,0.460938,1.738281,0.765625,0.324219,0.269531,0.273438,0.160156,0.242188,0.234375,0.238281,0.000000,0.000000,0.000000,0.000000,0.000000,0.000000,1.019531,0.000000,0.000000,0.000000,0.000000,0.000000,0.000000,0.000000,0.000000,0.000000,0.000000,0.000000,0.000000,0.000000,0.000000,0.000000,0.000000,0.000000,0.000000,0.000000,0.000000,0.000000,0.000000,0.000000,0.000000,0.000000,0.000000,0.000000,0.000000,0.000000,0.000000,0.015625,0.000000,3.968750,3.867188,3.945312,3.882812,4.000000,1.472656,3.378906,3.324219,3.957031,1.488281,3.238281,4.000000,4.000000,4.000000,3.882812,2.917969,0.000000,4.000000,4.000000,4.000000,3.664062,2.554688,1.722656,0.351562,1.804688,0.183594,0.000000,0.000000,0.000000,0.000000,0.000000,0.000000,0.000000,0.000000,0.000000,0.000000,0.000000,0.000000,0.000000,0.000000,0.000000,0.000000,0.000000,0.000000,0.000000,0.000000,0.000000,0.000000,0.000000,0.000000,0.000000,0.000000,0.000000,0.000000,0.000000,0.000000,0.000000,0.000000,0.000000,0.000000,0.000000,0.000000,0.000000,0.000000,0.000000,0.000000,0.000000,0.000000,0.000000,0.000000,0.000000,0.000000,0.000000,0.000000,0.000000,0.000000,0.000000,0.000000,0.000000,0.000000,0.000000,0.000000,0.000000,0.000000,0.000000,0.000000,0.000000,0.000000,0.000000,0.000000,0.000000,0.000000,0.000000,0.000000,0.000000,0.000000,0.000000,0.000000,0.000000,0.000000,0.000000,0.000000,0.000000,0.000000,0.000000,0.000000,0.000000,0.000000,0.000000,0.000000,0.000000,0.000000,0.000000,0.000000,0.000000,0.000000,0.000000,0.000000,0.000000,0.000000,0.000000,0.000000,0.000000,0.000000,0.000000,0.000000,0.000000,0.000000,0.000000,0.000000,0.000000,0.000000,0.000000,0.000000,0.000000,0.000000,0.000000,0.000000,0.000000,0.000000,0.000000,0.000000,0.000000,0.000000,0.000000,0.000000,0.000000,0.000000,0.000000,0.000000,0.000000,0.000000,0.000000,0.000000,0.000000,0.000000,0.000000,0.000000,
avg_symbol_len: 42.222656,88.320312,19.496094,4.871094,6.875000,9.253906,3.343750,24.187500,
avg_symbol_cnt: 198.570312
avg_hashtable_usage: 68.027344
avg_shortcodes_usage: 130.542969
max_2len_start_chars: 30
avg_2len_start_chars: 29.566406
max_2len_combinations: 4
avg_2len_combinations: 2.991111
0.304
Cycles (1) completed. Stats:
	Parameters:
		Block size: 4194304
		Input size: 1073741824
		Effective table size: 4194304
		File name: ../../thesis-testing/dbtext-inflated-1gb/output_email
	Compression:
		Duration (us): 4110973
		Throughput (GB/s): 0.261
		Compressed size: 553786132
	Decompression:
		Duration (us): 2545307
		Throughput (GB/s): 0.422
		Ratio: 1.9389
	Compression phases:
		Table generation (GB/s, us): 1.855 (578745)
		Precomputation (GB/s, us): inf (0)
		Encoding (GB/s, us): 0.304 (3531810)
		Postprocessing (GB/s, us): inf (0)
avg_symbol_2len_start_char: 0.000000,0.000000,0.000000,0.000000,0.000000,0.000000,0.000000,0.000000,0.000000,0.000000,3.996094,0.000000,0.000000,0.000000,0.000000,0.000000,0.000000,0.000000,0.000000,0.000000,0.000000,0.000000,0.000000,0.000000,0.000000,0.000000,0.000000,0.000000,0.000000,0.000000,0.000000,0.000000,0.000000,0.000000,0.000000,0.000000,0.000000,0.000000,0.000000,0.000000,0.000000,1.000000,0.000000,0.000000,1.000000,0.000000,0.906250,0.000000,0.000000,0.414062,0.003906,0.000000,0.000000,0.000000,0.000000,0.000000,0.000000,0.000000,0.000000,0.000000,0.000000,0.000000,0.000000,0.000000,0.000000,0.003906,0.222656,1.558594,0.113281,0.000000,0.023438,0.093750,0.183594,0.121094,0.117188,0.027344,0.191406,1.046875,0.179688,0.000000,0.226562,0.000000,0.234375,0.320312,0.085938,0.000000,0.011719,0.148438,0.000000,0.000000,0.000000,0.000000,0.000000,0.000000,0.000000,4.000000,0.000000,4.000000,1.140625,3.531250,3.585938,4.000000,0.167969,1.679688,3.617188,4.000000,0.000000,1.828125,4.000000,2.726562,4.000000,4.000000,1.625000,0.000000,4.000000,4.000000,4.000000,3.964844,2.179688,0.757812,0.000000,2.003906,0.003906,0.000000,0.000000,0.000000,0.000000,0.000000,0.000000,0.000000,0.000000,0.000000,0.000000,0.000000,0.000000,0.000000,0.000000,0.000000,0.000000,0.000000,0.000000,0.000000,0.000000,0.000000,0.000000,0.000000,0.000000,0.000000,0.000000,0.000000,0.000000,0.000000,0.000000,0.000000,0.000000,0.000000,0.000000,0.000000,0.000000,0.000000,0.000000,0.000000,0.000000,0.000000,0.000000,0.000000,0.000000,0.000000,0.000000,0.000000,0.000000,0.000000,0.000000,0.000000,0.000000,0.000000,0.000000,0.000000,0.000000,0.000000,0.000000,0.000000,0.000000,0.000000,0.000000,0.000000,0.000000,0.000000,0.000000,0.000000,0.000000,0.000000,0.000000,0.000000,0.000000,0.015625,0.000000,0.000000,0.000000,0.000000,0.000000,0.000000,0.000000,0.000000,0.000000,0.000000,0.000000,0.000000,0.000000,0.000000,0.000000,0.000000,0.000000,0.000000,0.000000,0.000000,0.000000,0.000000,0.000000,0.000000,0.000000,0.000000,0.000000,0.000000,0.000000,0.000000,0.000000,0.000000,0.000000,0.000000,0.000000,0.000000,0.000000,0.000000,0.000000,0.000000,0.000000,0.000000,0.000000,0.000000,0.000000,0.000000,0.000000,0.000000,0.000000,0.000000,0.000000,0.000000,0.000000,0.000000,0.000000,0.000000,0.000000,0.000000,0.000000,
avg_symbol_len: 112.304688,81.058594,31.710938,4.113281,2.847656,1.062500,0.890625,0.339844,
avg_symbol_cnt: 234.328125
avg_hashtable_usage: 40.964844
avg_shortcodes_usage: 193.363281
max_2len_start_chars: 30
avg_2len_start_chars: 29.992188
max_2len_combinations: 4
avg_2len_combinations: 2.702748
0.245
Cycles (1) completed. Stats:
	Parameters:
		Block size: 4194304
		Input size: 1073741824
		Effective table size: 4194304
		File name: ../../thesis-testing/dbtext-inflated-1gb/output_yago
	Compression:
		Duration (us): 5065367
		Throughput (GB/s): 0.212
		Compressed size: 746707208
	Decompression:
		Duration (us): 2783437
		Throughput (GB/s): 0.386
		Ratio: 1.4380
	Compression phases:
		Table generation (GB/s, us): 1.590 (675204)
		Precomputation (GB/s, us): inf (0)
		Encoding (GB/s, us): 0.245 (4389730)
		Postprocessing (GB/s, us): inf (0)
avg_symbol_2len_start_char: 0.000000,0.000000,0.000000,0.000000,0.000000,0.000000,0.000000,0.000000,0.000000,0.000000,3.976562,0.000000,0.000000,0.000000,0.000000,0.000000,0.000000,0.000000,0.000000,0.000000,0.000000,0.000000,0.000000,0.000000,0.000000,0.000000,0.000000,0.000000,0.000000,0.000000,0.000000,0.000000,0.000000,0.000000,0.000000,0.000000,0.000000,0.000000,0.000000,0.000000,0.000000,1.000000,0.000000,0.000000,1.000000,0.000000,0.546875,0.000000,0.015625,0.878906,0.382812,0.000000,0.000000,0.000000,0.000000,0.000000,0.000000,0.000000,0.000000,0.000000,0.000000,0.000000,0.000000,0.000000,0.000000,0.089844,0.097656,0.960938,0.082031,0.000000,0.000000,0.007812,0.105469,0.234375,0.042969,0.000000,0.515625,0.597656,0.089844,0.000000,0.164062,0.000000,0.640625,0.097656,0.027344,0.000000,0.007812,0.152344,0.000000,0.000000,0.000000,0.000000,0.000000,0.000000,0.000000,3.917969,0.000000,4.000000,1.457031,3.851562,3.546875,4.000000,0.222656,1.800781,3.328125,4.000000,0.000000,1.242188,4.000000,3.171875,4.000000,3.996094,2.417969,0.003906,4.000000,3.996094,3.992188,3.882812,2.105469,0.578125,0.000000,1.972656,0.000000,0.000000,0.000000,0.000000,0.000000,0.000000,0.000000,0.000000,0.000000,0.000000,0.000000,0.000000,0.000000,0.000000,0.000000,0.000000,0.000000,0.000000,0.000000,0.000000,0.000000,0.000000,0.000000,0.000000,0.000000,0.000000,0.000000,0.000000,0.000000,0.000000,0.000000,0.000000,0.000000,0.000000,0.000000,0.000000,0.000000,0.000000,0.000000,0.000000,0.000000,0.000000,0.000000,0.000000,0.000000,0.000000,0.000000,0.000000,0.000000,0.000000,0.000000,0.000000,0.000000,0.000000,0.000000,0.000000,0.000000,0.000000,0.000000,0.000000,0.000000,0.000000,0.000000,0.000000,0.000000,0.000000,0.000000,0.000000,0.000000,0.000000,0.000000,0.000000,0.000000,0.000000,0.000000,0.000000,0.000000,0.000000,0.000000,0.000000,0.000000,0.000000,0.000000,0.000000,0.000000,0.000000,0.000000,0.000000,0.000000,0.000000,0.000000,0.000000,0.000000,0.000000,0.000000,0.000000,0.000000,0.000000,0.000000,0.000000,0.000000,0.000000,0.000000,0.000000,0.000000,0.000000,0.000000,0.000000,0.000000,0.000000,0.000000,0.000000,0.000000,0.000000,0.000000,0.000000,0.000000,0.000000,0.000000,0.000000,0.000000,0.000000,0.000000,0.000000,0.000000,0.000000,0.000000,0.000000,0.000000,0.000000,0.000000,0.000000,0.000000,
avg_symbol_len: 114.968750,81.199219,27.738281,6.480469,6.410156,1.382812,2.234375,4.601562,
avg_symbol_cnt: 245.015625
avg_hashtable_usage: 48.847656
avg_shortcodes_usage: 196.167969
max_2len_start_chars: 30
avg_2len_start_chars: 29.863281
max_2len_combinations: 4
avg_2len_combinations: 2.720059
0.252
Cycles (1) completed. Stats:
	Parameters:
		Block size: 4194304
		Input size: 1073741824
		Effective table size: 4194304
		File name: ../../thesis-testing/dbtext-inflated-1gb/output_wiki
	Compression:
		Duration (us): 4923072
		Throughput (GB/s): 0.218
		Compressed size: 722864077
	Decompression:
		Duration (us): 2748528
		Throughput (GB/s): 0.391
		Ratio: 1.4854
	Compression phases:
		Table generation (GB/s, us): 1.637 (655936)
		Precomputation (GB/s, us): inf (0)
		Encoding (GB/s, us): 0.252 (4266718)
		Postprocessing (GB/s, us): inf (0)
avg_symbol_2len_start_char: 0.000000,0.000000,0.000000,0.000000,0.000000,0.000000,0.000000,0.000000,0.000000,0.000000,0.007812,0.000000,0.000000,0.000000,0.000000,0.000000,0.000000,0.000000,0.000000,0.000000,0.000000,0.000000,0.000000,0.000000,0.000000,0.000000,0.000000,0.000000,0.000000,0.000000,0.000000,0.000000,0.000000,0.000000,0.000000,0.000000,0.000000,0.070312,0.019531,0.000000,0.000000,0.000000,0.000000,0.000000,0.070312,0.929688,1.031250,3.539062,0.894531,1.699219,0.894531,0.031250,0.011719,0.015625,0.007812,0.015625,0.003906,0.023438,0.000000,0.000000,0.000000,0.031250,0.000000,0.000000,0.000000,0.054688,0.000000,0.199219,0.000000,0.003906,0.000000,0.003906,0.000000,0.000000,0.000000,0.000000,0.003906,0.210938,0.000000,0.000000,0.015625,0.000000,0.003906,0.007812,0.011719,0.000000,0.000000,0.000000,0.000000,0.000000,0.000000,0.000000,0.000000,0.000000,0.000000,2.691406,0.000000,4.000000,2.925781,3.996094,3.179688,4.000000,1.496094,2.699219,3.105469,4.000000,0.003906,0.632812,3.976562,2.945312,3.992188,3.984375,3.453125,0.015625,4.000000,4.000000,3.992188,3.867188,2.054688,0.644531,0.000000,0.613281,0.003906,0.000000,0.000000,0.000000,0.000000,0.000000,0.000000,0.000000,0.000000,0.000000,0.000000,0.000000,0.000000,0.000000,0.000000,0.000000,0.000000,0.000000,0.000000,0.000000,0.000000,0.000000,0.000000,0.000000,0.000000,0.000000,0.000000,0.000000,0.000000,0.000000,0.000000,0.000000,0.000000,0.000000,0.000000,0.000000,0.000000,0.000000,0.000000,0.000000,0.000000,0.000000,0.000000,0.000000,0.000000,0.000000,0.000000,0.000000,0.000000,0.000000,0.000000,0.000000,0.000000,0.000000,0.000000,0.000000,0.000000,0.000000,0.000000,0.000000,0.000000,0.000000,0.000000,0.000000,0.000000,0.000000,0.000000,0.000000,0.000000,0.000000,0.000000,0.000000,0.000000,0.000000,0.000000,0.000000,0.000000,0.000000,0.000000,0.000000,0.000000,0.000000,0.000000,0.000000,0.000000,0.000000,0.000000,0.000000,0.000000,0.000000,0.000000,0.000000,0.000000,0.000000,0.000000,0.000000,0.000000,0.000000,0.000000,0.000000,0.000000,0.000000,0.000000,0.000000,0.000000,0.000000,0.000000,0.000000,0.000000,0.000000,0.000000,0.000000,0.000000,0.000000,0.000000,0.000000,0.000000,0.000000,0.000000,0.000000,0.000000,0.000000,0.000000,0.000000,0.000000,0.000000,0.000000,0.000000,0.000000,0.000000,0.000000,0.000000,0.000000,
avg_symbol_len: 80.179688,80.085938,17.250000,6.746094,12.281250,3.992188,6.851562,22.839844,
avg_symbol_cnt: 230.226562
avg_hashtable_usage: 69.960938
avg_shortcodes_usage: 160.265625
max_2len_start_chars: 30
avg_2len_start_chars: 26.812500
max_2len_combinations: 4
avg_2len_combinations: 2.992544
0.335
Cycles (1) completed. Stats:
	Parameters:
		Block size: 4194304
		Input size: 1073741824
		Effective table size: 4194304
		File name: ../../thesis-testing/dbtext-inflated-1gb/output_urls2
	Compression:
		Duration (us): 3719858
		Throughput (GB/s): 0.289
		Compressed size: 535615367
	Decompression:
		Duration (us): 2076860
		Throughput (GB/s): 0.517
		Ratio: 2.0047
	Compression phases:
		Table generation (GB/s, us): 2.097 (512006)
		Precomputation (GB/s, us): inf (0)
		Encoding (GB/s, us): 0.335 (3207442)
		Postprocessing (GB/s, us): inf (0)
avg_symbol_2len_start_char: 0.000000,0.000000,0.000000,0.000000,0.000000,0.000000,0.000000,0.000000,0.000000,0.000000,0.000000,0.000000,0.000000,0.000000,0.000000,0.000000,0.000000,0.000000,0.000000,0.000000,0.000000,0.000000,0.000000,0.000000,0.000000,0.000000,0.000000,0.000000,0.000000,0.000000,0.000000,0.000000,0.000000,0.000000,0.000000,0.000000,0.000000,0.000000,0.000000,0.000000,0.000000,0.000000,0.000000,0.000000,0.000000,2.960938,0.957031,2.996094,3.132812,3.195312,3.453125,2.117188,1.597656,1.843750,0.785156,0.917969,0.828125,0.886719,3.683594,0.000000,0.000000,0.000000,0.000000,0.000000,0.000000,0.046875,0.000000,0.000000,0.000000,0.000000,0.003906,0.003906,0.000000,0.000000,0.000000,0.000000,0.000000,0.015625,0.000000,0.000000,0.000000,0.000000,0.000000,0.000000,2.757812,0.000000,0.000000,0.003906,0.000000,0.000000,0.000000,0.000000,0.000000,0.000000,0.000000,0.089844,0.000000,3.917969,0.003906,2.898438,0.785156,3.613281,0.000000,0.968750,0.691406,2.472656,0.003906,0.054688,3.226562,1.632812,1.835938,2.562500,0.246094,0.828125,2.453125,3.097656,1.558594,1.703125,1.046875,1.031250,0.000000,0.039062,0.000000,0.000000,0.000000,0.000000,0.000000,0.000000,0.000000,0.000000,0.000000,0.000000,0.000000,0.000000,0.000000,0.000000,0.000000,0.000000,0.000000,0.000000,0.000000,0.000000,0.000000,0.000000,0.000000,0.000000,0.000000,0.000000,0.000000,0.000000,0.000000,0.000000,0.000000,0.000000,0.000000,0.000000,0.000000,0.000000,0.000000,0.000000,0.000000,0.000000,0.000000,0.000000,0.000000,0.000000,0.000000,0.000000,0.000000,0.000000,0.000000,0.000000,0.000000,0.000000,0.000000,0.000000,0.000000,0.000000,0.000000,0.000000,0.000000,0.000000,0.000000,0.000000,0.000000,0.000000,0.000000,0.000000,0.000000,0.000000,0.000000,0.000000,0.000000,0.000000,0.000000,0.000000,0.000000,0.000000,0.000000,0.000000,0.000000,0.000000,0.000000,0.000000,0.000000,0.000000,0.000000,0.000000,0.000000,0.000000,0.000000,0.000000,0.000000,0.000000,0.000000,0.000000,0.000000,0.000000,0.000000,0.000000,0.000000,0.000000,0.000000,0.000000,0.058594,0.011719,0.000000,0.000000,0.000000,0.000000,0.000000,0.000000,0.000000,0.000000,0.000000,0.000000,0.000000,0.000000,0.000000,0.000000,0.000000,0.000000,0.000000,0.000000,0.000000,0.000000,0.000000,0.000000,0.000000,0.000000,0.000000,0.000000,0.000000,0.000000,0.000000,
avg_symbol_len: 89.113281,69.019531,19.203125,9.613281,20.937500,6.246094,6.765625,29.003906,
avg_symbol_cnt: 249.902344
avg_hashtable_usage: 91.769531
avg_shortcodes_usage: 158.132812
max_2len_start_chars: 30
avg_2len_start_chars: 29.589844
max_2len_combinations: 4
avg_2len_combinations: 2.336285
0.412
Cycles (1) completed. Stats:
	Parameters:
		Block size: 4194304
		Input size: 1073741824
		Effective table size: 4194304
		File name: ../../thesis-testing/dbtext-inflated-1gb/output_urls
	Compression:
		Duration (us): 2978481
		Throughput (GB/s): 0.360
		Compressed size: 443721174
	Decompression:
		Duration (us): 1559779
		Throughput (GB/s): 0.688
		Ratio: 2.4199
	Compression phases:
		Table generation (GB/s, us): 2.871 (374018)
		Precomputation (GB/s, us): inf (0)
		Encoding (GB/s, us): 0.412 (2604052)
		Postprocessing (GB/s, us): inf (0)
avg_symbol_2len_start_char: 0.000000,0.000000,0.000000,0.000000,0.000000,0.000000,0.000000,0.000000,0.000000,0.000000,0.000000,0.000000,0.000000,0.000000,0.000000,0.000000,0.000000,0.000000,0.000000,0.000000,0.000000,0.000000,0.000000,0.000000,0.000000,0.000000,0.000000,0.000000,0.000000,0.000000,0.000000,0.000000,0.000000,0.000000,0.000000,0.000000,0.000000,0.000000,0.000000,0.000000,0.000000,0.000000,0.000000,0.000000,0.000000,4.000000,0.000000,0.000000,3.957031,3.996094,3.914062,3.992188,3.996094,3.996094,3.968750,4.000000,3.968750,4.000000,0.000000,0.000000,0.000000,0.000000,0.000000,0.000000,0.000000,0.000000,0.000000,0.000000,0.000000,0.000000,0.000000,0.000000,0.000000,0.000000,0.000000,0.000000,0.000000,0.000000,0.000000,0.000000,0.000000,0.000000,0.000000,0.000000,0.000000,0.000000,0.000000,0.000000,0.000000,0.000000,0.000000,0.000000,0.000000,0.000000,0.000000,0.000000,0.000000,4.000000,4.000000,4.000000,4.000000,4.000000,4.000000,0.000000,0.000000,0.000000,0.000000,0.000000,0.000000,0.000000,0.000000,0.000000,0.000000,0.000000,0.000000,0.000000,0.000000,0.000000,0.000000,0.000000,0.000000,0.000000,0.000000,0.000000,0.000000,0.000000,0.000000,0.000000,0.000000,0.000000,0.000000,0.000000,0.000000,0.000000,0.000000,0.000000,0.000000,0.000000,0.000000,0.000000,0.000000,0.000000,0.000000,0.000000,0.000000,0.000000,0.000000,0.000000,0.000000,0.000000,0.000000,0.000000,0.000000,0.000000,0.000000,0.000000,0.000000,0.000000,0.000000,0.000000,0.000000,0.000000,0.000000,0.000000,0.000000,0.000000,0.000000,0.000000,0.000000,0.000000,0.000000,0.000000,0.000000,0.000000,0.000000,0.000000,0.000000,0.000000,0.000000,0.000000,0.000000,0.000000,0.000000,0.000000,0.000000,0.000000,0.000000,0.000000,0.000000,0.000000,0.000000,0.000000,0.000000,0.000000,0.000000,0.000000,0.000000,0.000000,0.000000,0.000000,0.000000,0.000000,0.000000,0.000000,0.000000,0.000000,0.000000,0.000000,0.000000,0.000000,0.000000,0.000000,0.000000,0.000000,0.000000,0.000000,0.000000,0.000000,0.000000,0.000000,0.000000,0.000000,0.000000,0.000000,0.000000,0.000000,0.000000,0.000000,0.000000,0.000000,0.000000,0.000000,0.000000,0.000000,0.000000,0.000000,0.000000,0.000000,0.000000,0.000000,0.000000,0.000000,0.000000,0.000000,0.000000,0.000000,0.000000,0.000000,0.000000,0.000000,0.000000,0.000000,0.000000,0.000000,0.000000,
avg_symbol_len: 19.000000,67.789062,2.777344,16.648438,0.398438,3.695312,1.031250,10.109375,
avg_symbol_cnt: 121.449219
avg_hashtable_usage: 34.660156
avg_shortcodes_usage: 86.789062
max_2len_start_chars: 17
avg_2len_start_chars: 17.000000
max_2len_combinations: 4
avg_2len_combinations: 3.987591
0.329
Cycles (1) completed. Stats:
	Parameters:
		Block size: 4194304
		Input size: 1073741824
		Effective table size: 4194304
		File name: ../../thesis-testing/dbtext-inflated-1gb/output_uuid
	Compression:
		Duration (us): 3833538
		Throughput (GB/s): 0.280
		Compressed size: 584630783
	Decompression:
		Duration (us): 1911486
		Throughput (GB/s): 0.562
		Ratio: 1.8366
	Compression phases:
		Table generation (GB/s, us): 1.893 (567207)
		Precomputation (GB/s, us): inf (0)
		Encoding (GB/s, us): 0.329 (3265899)
		Postprocessing (GB/s, us): inf (0)
avg_symbol_2len_start_char: 0.000000,0.000000,0.000000,0.000000,0.000000,0.000000,0.000000,0.000000,0.000000,0.000000,4.000000,0.000000,0.000000,0.000000,0.000000,0.000000,0.000000,0.000000,0.000000,0.000000,0.000000,0.000000,0.000000,0.000000,0.000000,0.000000,0.000000,0.000000,0.000000,0.000000,0.000000,0.000000,0.000000,0.000000,0.000000,0.000000,0.000000,0.000000,0.000000,0.000000,0.000000,0.000000,0.000000,0.000000,0.000000,0.000000,0.000000,0.000000,3.988281,4.000000,4.000000,4.000000,4.000000,4.000000,4.000000,4.000000,4.000000,4.000000,0.000000,0.000000,0.000000,0.000000,0.000000,0.000000,0.000000,4.000000,4.000000,4.000000,4.000000,4.000000,4.000000,0.000000,0.000000,0.000000,0.000000,0.000000,0.000000,0.000000,0.000000,0.000000,0.000000,0.000000,0.000000,0.000000,0.000000,0.000000,0.000000,0.000000,0.000000,0.000000,0.000000,0.000000,0.000000,0.000000,0.000000,0.000000,0.000000,0.000000,0.000000,0.000000,0.000000,0.000000,0.000000,0.000000,0.000000,0.000000,0.000000,0.000000,0.000000,0.000000,0.000000,0.000000,0.000000,0.000000,0.000000,0.000000,0.000000,0.000000,0.000000,0.000000,0.000000,0.000000,0.000000,0.000000,0.000000,0.000000,0.000000,0.000000,0.000000,0.000000,0.000000,0.000000,0.000000,0.000000,0.000000,0.000000,0.000000,0.000000,0.000000,0.000000,0.000000,0.000000,0.000000,0.000000,0.000000,0.000000,0.000000,0.000000,0.000000,0.000000,0.000000,0.000000,0.000000,0.000000,0.000000,0.000000,0.000000,0.000000,0.000000,0.000000,0.000000,0.000000,0.000000,0.000000,0.000000,0.000000,0.000000,0.000000,0.000000,0.000000,0.000000,0.000000,0.000000,0.000000,0.000000,0.000000,0.000000,0.000000,0.000000,0.000000,0.000000,0.000000,0.000000,0.000000,0.000000,0.000000,0.000000,0.000000,0.000000,0.000000,0.000000,0.000000,0.000000,0.000000,0.000000,0.000000,0.000000,0.000000,0.000000,0.000000,0.000000,0.000000,0.000000,0.000000,0.000000,0.000000,0.000000,0.000000,0.000000,0.000000,0.000000,0.000000,0.000000,0.000000,0.000000,0.000000,0.000000,0.000000,0.000000,0.000000,0.000000,0.000000,0.000000,0.000000,0.000000,0.000000,0.000000,0.000000,0.000000,0.000000,0.000000,0.000000,0.000000,0.000000,0.000000,0.000000,0.000000,0.000000,0.000000,0.000000,0.000000,0.000000,0.000000,0.000000,0.000000,0.000000,0.000000,0.000000,0.000000,0.000000,0.000000,0.000000,0.000000,0.000000,0.000000,
avg_symbol_len: 18.000000,67.988281,0.003906,0.000000,0.000000,0.000000,0.000000,0.000000,
avg_symbol_cnt: 85.992188
avg_hashtable_usage: 0.003906
avg_shortcodes_usage: 85.988281
max_2len_start_chars: 17
avg_2len_start_chars: 17.000000
max_2len_combinations: 4
avg_2len_combinations: 3.999310
0.247
Cycles (1) completed. Stats:
	Parameters:
		Block size: 4194304
		Input size: 1073741824
		Effective table size: 4194304
		File name: ../../thesis-testing/dbtext-inflated-1gb/output_hex
	Compression:
		Duration (us): 5138040
		Throughput (GB/s): 0.209
		Compressed size: 833461443
	Decompression:
		Duration (us): 2160418
		Throughput (GB/s): 0.497
		Ratio: 1.2883
	Compression phases:
		Table generation (GB/s, us): 1.350 (795255)
		Precomputation (GB/s, us): inf (0)
		Encoding (GB/s, us): 0.247 (4342318)
		Postprocessing (GB/s, us): inf (0)

2.7545,
3.4829,
2.3070,
1.9389,
1.4380,
1.4854,
2.0047,
2.4199,
1.8366,
1.2883,

TPC-H:  3.1187
GDelt:  2.3070
DBtext: 1.7731