avg_symbol_2len_start_char: 0.000000,0.000000,0.000000,0.000000,0.000000,0.000000,0.000000,0.000000,0.000000,0.000000,6.000000,0.000000,0.000000,0.000000,0.000000,0.000000,0.000000,0.000000,0.000000,0.000000,0.000000,0.000000,0.000000,0.000000,0.000000,0.000000,0.000000,0.000000,0.000000,0.000000,0.000000,0.000000,6.000000,0.000000,0.000000,0.000000,0.000000,0.000000,0.000000,0.000000,0.000000,0.000000,0.000000,0.000000,1.000000,0.000000,1.033898,0.000000,0.000000,0.000000,0.000000,0.000000,0.000000,0.000000,0.000000,0.000000,0.000000,0.000000,0.000000,0.004237,0.000000,0.000000,0.000000,0.000000,0.000000,0.000000,0.000000,0.000000,0.000000,0.000000,0.000000,0.000000,0.000000,0.000000,0.000000,0.000000,0.000000,0.000000,0.000000,0.000000,0.000000,0.000000,0.000000,0.000000,0.000000,0.000000,0.000000,0.000000,0.000000,0.000000,0.000000,0.000000,0.000000,0.000000,0.000000,0.000000,0.000000,5.618644,1.351695,5.093220,2.360169,4.762712,3.072034,1.432203,1.050847,4.838983,0.016949,0.550847,5.478814,0.351695,2.750000,4.313560,2.847458,0.614407,5.466102,4.220339,4.250000,3.983051,0.978814,0.652542,0.207627,2.364407,0.000000,0.000000,0.000000,0.000000,0.000000,0.000000,0.000000,0.000000,0.000000,0.000000,0.000000,0.000000,0.000000,0.000000,0.000000,0.000000,0.000000,0.000000,0.000000,0.000000,0.000000,0.000000,0.000000,0.000000,0.000000,0.000000,0.000000,0.000000,0.000000,0.000000,0.000000,0.000000,0.000000,0.000000,0.000000,0.000000,0.000000,0.000000,0.000000,0.000000,0.000000,0.000000,0.000000,0.000000,0.000000,0.000000,0.000000,0.000000,0.000000,0.000000,0.000000,0.000000,0.000000,0.000000,0.000000,0.000000,0.000000,0.000000,0.000000,0.000000,0.000000,0.000000,0.000000,0.000000,0.000000,0.000000,0.000000,0.000000,0.000000,0.000000,0.000000,0.000000,0.000000,0.000000,0.000000,0.000000,0.000000,0.000000,0.000000,0.000000,0.000000,0.000000,0.000000,0.000000,0.000000,0.000000,0.000000,0.000000,0.000000,0.000000,0.000000,0.000000,0.000000,0.000000,0.000000,0.000000,0.000000,0.000000,0.000000,0.000000,0.000000,0.000000,0.000000,0.000000,0.000000,0.000000,0.000000,0.000000,0.000000,0.000000,0.000000,0.000000,0.000000,0.000000,0.000000,0.000000,0.000000,0.000000,0.000000,0.000000,0.000000,0.000000,0.000000,0.000000,0.000000,0.000000,0.000000,0.000000,0.000000,0.000000,0.000000,0.000000,0.000000,
avg_symbol_len: 36.754238,82.665253,21.317797,14.122881,16.716103,18.233051,13.283898,33.216103,
avg_symbol_cnt: 236.309326
avg_hashtable_usage: 116.889832
avg_shortcodes_usage: 119.419495
max_2len_start_chars: 28
avg_2len_start_chars: 24.775423
max_2len_combinations: 6
avg_2len_combinations: 3.343798
0.362
Cycles (1) completed. Stats:
	Parameters:
		Block size: 4194304
		Input size: 989855744
		Effective table size: 4194304
		File name: ../../thesis-testing/lineitem-1gb/lineitem-comments-1gb-1.txt
	Compression:
		Duration (us): 3062059
		Throughput (GB/s): 0.323
		Compressed size: 353943113
	Decompression:
		Duration (us): 2220437
		Throughput (GB/s): 0.446
		Ratio: 2.7967
	Compression phases:
		Table generation (GB/s, us): 2.998 (330129)
		Precomputation (GB/s, us): inf (0)
		Encoding (GB/s, us): 0.362 (2731547)
		Postprocessing (GB/s, us): inf (0)
avg_symbol_2len_start_char: 0.000000,0.000000,0.000000,0.000000,0.000000,0.000000,0.000000,0.000000,0.000000,0.000000,1.668142,0.000000,0.000000,0.000000,0.000000,0.000000,0.000000,0.000000,0.000000,0.000000,0.000000,0.000000,0.000000,0.000000,0.000000,0.000000,0.000000,0.000000,0.000000,0.000000,0.000000,0.000000,0.000000,0.000000,0.000000,0.106195,0.000000,0.000000,0.000000,0.000000,0.000000,0.000000,0.000000,0.000000,0.000000,0.000000,0.000000,0.000000,5.929204,5.769911,5.743363,5.818584,5.659292,5.743363,5.676991,5.853982,5.778761,5.907080,0.000000,0.000000,0.000000,0.000000,0.000000,0.000000,0.000000,0.000000,0.000000,0.061947,0.000000,0.000000,0.000000,0.000000,0.000000,0.000000,0.000000,0.000000,0.000000,0.000000,0.000000,0.000000,0.000000,0.000000,0.000000,0.000000,0.000000,0.000000,0.000000,0.000000,0.000000,0.000000,0.000000,0.000000,0.000000,0.000000,0.000000,0.000000,0.000000,0.000000,0.000000,0.000000,0.000000,0.314159,0.000000,0.000000,0.000000,0.000000,0.000000,0.000000,0.000000,1.371681,0.000000,0.053097,0.000000,0.000000,1.460177,0.190265,1.495575,1.376106,0.000000,0.000000,0.000000,0.000000,0.000000,0.000000,0.000000,0.000000,0.000000,0.000000,0.000000,0.000000,0.000000,0.000000,0.000000,0.000000,0.000000,0.000000,0.000000,0.000000,0.000000,0.000000,0.000000,0.000000,0.000000,0.000000,0.000000,0.000000,0.000000,0.000000,0.000000,0.000000,0.000000,0.000000,0.000000,0.000000,0.000000,0.000000,0.000000,0.000000,0.000000,0.000000,0.000000,0.000000,0.000000,0.000000,0.000000,0.000000,0.000000,0.000000,0.000000,0.000000,0.000000,0.000000,0.000000,0.000000,0.000000,0.000000,0.000000,0.000000,0.000000,0.000000,0.000000,0.000000,0.000000,0.000000,0.000000,0.000000,0.000000,0.000000,0.000000,0.000000,0.000000,0.000000,0.000000,0.000000,0.000000,0.000000,0.000000,0.000000,0.000000,0.000000,0.000000,0.000000,0.000000,0.000000,0.000000,0.000000,0.000000,0.000000,0.000000,0.000000,0.000000,0.000000,0.000000,0.000000,0.000000,0.000000,0.000000,0.000000,0.000000,0.000000,0.000000,0.000000,0.000000,0.000000,0.000000,0.000000,0.000000,0.000000,0.000000,0.000000,0.000000,0.000000,0.000000,0.000000,0.000000,0.000000,0.000000,0.000000,0.000000,0.000000,0.000000,0.000000,0.000000,0.000000,0.000000,0.000000,0.000000,0.000000,0.000000,0.000000,0.000000,0.000000,0.000000,0.000000,0.000000,
avg_symbol_len: 20.663717,65.977875,23.336283,17.194691,14.871681,24.376106,1.084071,42.464603,
avg_symbol_cnt: 209.969025
avg_hashtable_usage: 123.327431
avg_shortcodes_usage: 86.641594
max_2len_start_chars: 19
avg_2len_start_chars: 15.101769
max_2len_combinations: 6
avg_2len_combinations: 4.385525
0.685
Cycles (1) completed. Stats:
	Parameters:
		Block size: 4194304
		Input size: 947912704
		Effective table size: 4194304
		File name: ../../thesis-testing/customer-1gb/customer-id-1gb-1.txt
	Compression:
		Duration (us): 1603272
		Throughput (GB/s): 0.591
		Compressed size: 257788326
	Decompression:
		Duration (us): 784119
		Throughput (GB/s): 1.209
		Ratio: 3.6771
	Compression phases:
		Table generation (GB/s, us): 4.343 (218277)
		Precomputation (GB/s, us): inf (0)
		Encoding (GB/s, us): 0.685 (1384657)
		Postprocessing (GB/s, us): inf (0)


avg_symbol_2len_start_char: 0.000000,0.000000,0.000000,0.000000,0.000000,0.000000,0.000000,0.000000,0.000000,0.000000,4.289062,0.000000,0.000000,0.000000,0.000000,0.000000,0.000000,0.000000,0.000000,0.000000,0.000000,0.000000,0.000000,0.000000,0.000000,0.000000,0.000000,0.000000,0.000000,0.000000,0.000000,0.000000,2.308594,0.000000,0.000000,0.000000,0.000000,0.000000,0.000000,0.035156,0.000000,0.019531,0.000000,0.000000,1.000000,0.031250,0.000000,0.000000,0.000000,0.000000,0.000000,0.000000,0.000000,0.000000,0.000000,0.000000,0.000000,0.000000,0.000000,0.000000,0.000000,0.000000,0.000000,0.000000,0.000000,0.636719,1.179688,1.402344,0.074219,0.125000,0.156250,0.664062,0.000000,0.597656,0.636719,0.675781,0.691406,1.191406,0.546875,0.007812,0.285156,0.125000,0.082031,0.609375,0.851562,0.054688,0.000000,0.394531,0.000000,0.019531,0.046875,0.000000,0.000000,0.000000,0.000000,0.000000,0.000000,5.558594,0.796875,1.863281,2.195312,5.359375,0.062500,1.160156,2.214844,4.003906,0.609375,1.218750,2.937500,1.050781,2.804688,4.984375,0.390625,0.023438,3.261719,1.882812,2.960938,2.132812,0.253906,0.804688,0.003906,1.589844,0.179688,0.000000,0.000000,0.000000,0.000000,0.000000,0.000000,0.000000,0.000000,0.000000,0.000000,0.000000,0.000000,0.000000,0.000000,0.000000,0.000000,0.000000,0.000000,0.000000,0.000000,0.000000,0.000000,0.000000,0.000000,0.000000,0.000000,0.000000,0.000000,0.000000,0.000000,0.000000,0.000000,0.000000,0.000000,0.000000,0.000000,0.000000,0.000000,0.000000,0.000000,0.000000,0.000000,0.000000,0.000000,0.000000,0.000000,0.000000,0.000000,0.000000,0.000000,0.000000,0.000000,0.000000,0.000000,0.000000,0.000000,0.000000,0.000000,0.000000,0.000000,0.000000,0.000000,0.000000,0.000000,0.000000,0.000000,0.000000,0.000000,0.000000,0.000000,0.000000,0.000000,0.000000,0.000000,0.000000,0.000000,0.000000,0.000000,0.000000,0.000000,0.000000,0.000000,0.000000,0.000000,0.000000,0.000000,0.000000,0.000000,0.000000,0.000000,0.000000,0.000000,0.000000,0.000000,0.000000,0.000000,0.000000,0.000000,0.000000,0.000000,0.000000,0.000000,0.000000,0.000000,0.000000,0.000000,0.000000,0.000000,0.000000,0.000000,0.000000,0.000000,0.000000,0.000000,0.000000,0.000000,0.000000,0.000000,0.000000,0.000000,0.000000,0.000000,0.000000,0.000000,0.000000,0.000000,0.000000,0.000000,0.000000,0.000000,0.000000,0.000000,
avg_symbol_len: 63.000000,69.042969,21.207031,13.171875,14.964844,13.675781,9.921875,26.914062,
avg_symbol_cnt: 231.898438
avg_hashtable_usage: 99.855469
avg_shortcodes_usage: 132.042969
max_2len_start_chars: 37
avg_2len_start_chars: 30.769531
max_2len_combinations: 6
avg_2len_combinations: 2.255568
0.480
Cycles (1) completed. Stats:
	Parameters:
		Block size: 4194304
		Input size: 1073741824
		Effective table size: 4194304
		File name: ../../thesis-testing/gdelt-locations-inflated-1gb/output_locations.txt
	Compression:
		Duration (us): 2511354
		Throughput (GB/s): 0.428
		Compressed size: 459734510
	Decompression:
		Duration (us): 999472
		Throughput (GB/s): 1.074
		Ratio: 2.3356
	Compression phases:
		Table generation (GB/s, us): 3.887 (276227)
		Precomputation (GB/s, us): inf (0)
		Encoding (GB/s, us): 0.480 (2234755)
		Postprocessing (GB/s, us): inf (0)


avg_symbol_2len_start_char: 0.000000,0.000000,0.000000,0.000000,0.000000,0.000000,0.000000,0.000000,0.000000,0.000000,5.332031,0.000000,0.000000,0.000000,0.000000,0.000000,0.000000,0.000000,0.000000,0.000000,0.000000,0.000000,0.000000,0.000000,0.000000,0.000000,0.000000,0.000000,0.000000,0.000000,0.000000,0.000000,0.000000,0.000000,0.000000,0.000000,0.000000,0.000000,0.000000,0.000000,0.000000,0.000000,0.000000,0.000000,0.000000,0.000000,2.734375,0.000000,0.781250,2.093750,0.980469,0.421875,0.433594,0.433594,0.316406,0.410156,0.371094,0.382812,0.000000,0.000000,0.000000,0.000000,0.000000,0.000000,1.386719,0.000000,0.000000,0.000000,0.000000,0.000000,0.000000,0.000000,0.000000,0.000000,0.000000,0.000000,0.000000,0.000000,0.000000,0.000000,0.000000,0.000000,0.000000,0.000000,0.000000,0.000000,0.000000,0.000000,0.000000,0.000000,0.000000,0.000000,0.000000,0.000000,0.000000,0.023438,0.000000,5.914062,4.753906,4.894531,4.570312,5.875000,1.714844,4.031250,3.570312,5.894531,1.718750,3.605469,5.851562,5.875000,5.968750,5.500000,3.300781,0.003906,5.550781,5.964844,5.855469,4.867188,2.691406,1.968750,0.433594,1.992188,0.261719,0.000000,0.000000,0.000000,0.000000,0.000000,0.000000,0.000000,0.000000,0.000000,0.000000,0.000000,0.000000,0.000000,0.000000,0.000000,0.000000,0.000000,0.000000,0.000000,0.000000,0.000000,0.000000,0.000000,0.000000,0.000000,0.000000,0.000000,0.000000,0.000000,0.000000,0.000000,0.000000,0.000000,0.000000,0.000000,0.000000,0.000000,0.000000,0.000000,0.000000,0.000000,0.000000,0.000000,0.000000,0.000000,0.000000,0.000000,0.000000,0.000000,0.000000,0.000000,0.000000,0.000000,0.000000,0.000000,0.000000,0.000000,0.000000,0.000000,0.000000,0.000000,0.000000,0.000000,0.000000,0.000000,0.000000,0.000000,0.000000,0.000000,0.000000,0.000000,0.000000,0.000000,0.000000,0.000000,0.000000,0.000000,0.000000,0.000000,0.000000,0.000000,0.000000,0.000000,0.000000,0.000000,0.000000,0.000000,0.000000,0.000000,0.000000,0.000000,0.000000,0.000000,0.000000,0.000000,0.000000,0.000000,0.000000,0.000000,0.000000,0.000000,0.000000,0.000000,0.000000,0.000000,0.000000,0.000000,0.000000,0.000000,0.000000,0.000000,0.000000,0.000000,0.000000,0.000000,0.000000,0.000000,0.000000,0.000000,0.000000,0.000000,0.000000,0.000000,0.000000,0.000000,0.000000,0.000000,0.000000,0.000000,0.000000,0.000000,0.000000,
avg_symbol_len: 42.222656,118.730469,19.496094,4.871094,6.875000,9.253906,3.343750,24.187500,
avg_symbol_cnt: 228.980469
avg_hashtable_usage: 68.027344
avg_shortcodes_usage: 160.953125
max_2len_start_chars: 37
avg_2len_start_chars: 31.390625
max_2len_combinations: 6
avg_2len_combinations: 3.798055
0.306
Cycles (1) completed. Stats:
	Parameters:
		Block size: 4194304
		Input size: 1073741824
		Effective table size: 4194304
		File name: ../../thesis-testing/dbtext-inflated-1gb/output_email
	Compression:
		Duration (us): 4079479
		Throughput (GB/s): 0.263
		Compressed size: 531260278
	Decompression:
		Duration (us): 2566556
		Throughput (GB/s): 0.418
		Ratio: 2.0211
	Compression phases:
		Table generation (GB/s, us): 1.893 (567068)
		Precomputation (GB/s, us): inf (0)
		Encoding (GB/s, us): 0.306 (3512029)
		Postprocessing (GB/s, us): inf (0)
avg_symbol_2len_start_char: 0.000000,0.000000,0.000000,0.000000,0.000000,0.000000,0.000000,0.000000,0.000000,0.000000,6.000000,0.000000,0.000000,0.000000,0.000000,0.000000,0.000000,0.000000,0.000000,0.000000,0.000000,0.000000,0.000000,0.000000,0.000000,0.000000,0.000000,0.000000,0.000000,0.000000,0.000000,0.000000,0.000000,0.000000,0.000000,0.000000,0.000000,0.000000,0.000000,0.000000,0.000000,1.000000,0.000000,0.000000,1.000000,0.000000,0.957031,0.000000,0.019531,0.613281,0.015625,0.000000,0.000000,0.000000,0.000000,0.000000,0.000000,0.000000,0.000000,0.000000,0.000000,0.000000,0.000000,0.000000,0.000000,0.058594,0.437500,2.171875,0.289062,0.000000,0.058594,0.195312,0.472656,0.296875,0.378906,0.085938,0.519531,1.371094,0.554688,0.000000,0.449219,0.000000,0.480469,0.648438,0.265625,0.000000,0.039062,0.378906,0.000000,0.000000,0.000000,0.000000,0.000000,0.000000,0.000000,6.000000,0.000000,6.000000,1.515625,4.906250,4.664062,6.000000,0.394531,2.261719,4.406250,6.000000,0.000000,2.574219,5.875000,3.562500,6.000000,6.000000,2.636719,0.007812,5.910156,5.855469,5.980469,5.824219,2.507812,0.921875,0.000000,2.035156,0.003906,0.000000,0.000000,0.000000,0.000000,0.000000,0.000000,0.000000,0.000000,0.000000,0.000000,0.000000,0.000000,0.000000,0.000000,0.000000,0.000000,0.000000,0.000000,0.000000,0.000000,0.000000,0.000000,0.000000,0.000000,0.000000,0.000000,0.000000,0.000000,0.000000,0.000000,0.000000,0.000000,0.000000,0.000000,0.000000,0.000000,0.000000,0.000000,0.000000,0.000000,0.000000,0.000000,0.000000,0.000000,0.000000,0.000000,0.000000,0.000000,0.000000,0.000000,0.000000,0.000000,0.000000,0.000000,0.000000,0.000000,0.000000,0.000000,0.000000,0.000000,0.000000,0.000000,0.000000,0.000000,0.000000,0.000000,0.000000,0.000000,0.000000,0.000000,0.000000,0.000000,0.035156,0.000000,0.000000,0.000000,0.000000,0.000000,0.000000,0.000000,0.000000,0.000000,0.000000,0.000000,0.000000,0.000000,0.000000,0.000000,0.000000,0.000000,0.000000,0.000000,0.000000,0.000000,0.000000,0.000000,0.000000,0.000000,0.000000,0.000000,0.000000,0.000000,0.000000,0.000000,0.000000,0.000000,0.000000,0.000000,0.000000,0.000000,0.000000,0.000000,0.000000,0.000000,0.000000,0.000000,0.000000,0.000000,0.000000,0.000000,0.000000,0.000000,0.000000,0.000000,0.000000,0.000000,0.000000,0.000000,0.000000,0.000000,0.000000,0.000000,
avg_symbol_len: 95.386719,116.636719,31.695312,4.093750,2.839844,1.054688,0.890625,0.339844,
avg_symbol_cnt: 252.937500
avg_hashtable_usage: 40.914062
avg_shortcodes_usage: 212.023438
max_2len_start_chars: 39
avg_2len_start_chars: 33.582031
max_2len_combinations: 6
avg_2len_combinations: 3.480666
0.240
Cycles (1) completed. Stats:
	Parameters:
		Block size: 4194304
		Input size: 1073741824
		Effective table size: 4194304
		File name: ../../thesis-testing/dbtext-inflated-1gb/output_yago
	Compression:
		Duration (us): 5169784
		Throughput (GB/s): 0.208
		Compressed size: 704568701
	Decompression:
		Duration (us): 2982141
		Throughput (GB/s): 0.360
		Ratio: 1.5240
	Compression phases:
		Table generation (GB/s, us): 1.555 (690488)
		Precomputation (GB/s, us): inf (0)
		Encoding (GB/s, us): 0.240 (4478897)
		Postprocessing (GB/s, us): inf (0)
avg_symbol_2len_start_char: 0.000000,0.000000,0.000000,0.000000,0.000000,0.000000,0.000000,0.000000,0.000000,0.000000,5.964844,0.000000,0.000000,0.000000,0.000000,0.000000,0.000000,0.000000,0.000000,0.000000,0.000000,0.000000,0.000000,0.000000,0.000000,0.000000,0.000000,0.000000,0.000000,0.000000,0.000000,0.000000,0.000000,0.000000,0.000000,0.000000,0.000000,0.000000,0.000000,0.000000,0.000000,1.000000,0.000000,0.000000,1.000000,0.000000,0.621094,0.003906,0.042969,0.953125,0.441406,0.000000,0.000000,0.000000,0.000000,0.000000,0.000000,0.000000,0.000000,0.000000,0.000000,0.000000,0.000000,0.000000,0.000000,0.148438,0.148438,1.242188,0.171875,0.000000,0.011719,0.015625,0.214844,0.289062,0.070312,0.000000,0.769531,0.710938,0.160156,0.000000,0.304688,0.000000,0.890625,0.175781,0.097656,0.000000,0.007812,0.445312,0.000000,0.000000,0.000000,0.000000,0.000000,0.000000,0.000000,5.910156,0.000000,6.000000,1.945312,5.304688,4.105469,6.000000,0.382812,2.273438,3.914062,5.996094,0.000000,1.632812,5.816406,3.777344,6.000000,5.992188,2.906250,0.007812,5.667969,5.957031,5.953125,5.320312,2.210938,0.660156,0.000000,1.992188,0.000000,0.000000,0.000000,0.000000,0.000000,0.000000,0.000000,0.000000,0.000000,0.000000,0.000000,0.000000,0.000000,0.000000,0.000000,0.000000,0.000000,0.000000,0.000000,0.000000,0.000000,0.000000,0.000000,0.000000,0.000000,0.000000,0.000000,0.000000,0.000000,0.000000,0.000000,0.000000,0.000000,0.000000,0.000000,0.000000,0.000000,0.000000,0.000000,0.000000,0.000000,0.000000,0.000000,0.000000,0.000000,0.000000,0.000000,0.000000,0.000000,0.000000,0.000000,0.000000,0.000000,0.000000,0.000000,0.000000,0.000000,0.000000,0.000000,0.000000,0.000000,0.000000,0.000000,0.000000,0.000000,0.000000,0.000000,0.000000,0.000000,0.000000,0.000000,0.000000,0.000000,0.000000,0.000000,0.000000,0.000000,0.000000,0.000000,0.000000,0.000000,0.000000,0.000000,0.000000,0.000000,0.000000,0.000000,0.000000,0.000000,0.000000,0.000000,0.000000,0.000000,0.000000,0.000000,0.000000,0.000000,0.000000,0.000000,0.000000,0.000000,0.000000,0.000000,0.000000,0.003906,0.000000,0.000000,0.000000,0.000000,0.000000,0.000000,0.000000,0.000000,0.000000,0.000000,0.000000,0.000000,0.000000,0.000000,0.000000,0.000000,0.000000,0.000000,0.000000,0.000000,0.000000,0.000000,0.000000,0.000000,0.000000,0.000000,0.000000,0.000000,
avg_symbol_len: 92.636719,111.632812,27.691406,6.421875,6.402344,1.375000,2.230469,4.597656,
avg_symbol_cnt: 252.988281
avg_hashtable_usage: 48.718750
avg_shortcodes_usage: 204.269531
max_2len_start_chars: 37
avg_2len_start_chars: 31.945312
max_2len_combinations: 6
avg_2len_combinations: 3.503145
0.250
Cycles (1) completed. Stats:
	Parameters:
		Block size: 4194304
		Input size: 1073741824
		Effective table size: 4194304
		File name: ../../thesis-testing/dbtext-inflated-1gb/output_wiki
	Compression:
		Duration (us): 4962433
		Throughput (GB/s): 0.216
		Compressed size: 688040805
	Decompression:
		Duration (us): 2890575
		Throughput (GB/s): 0.371
		Ratio: 1.5606
	Compression phases:
		Table generation (GB/s, us): 1.619 (663028)
		Precomputation (GB/s, us): inf (0)
		Encoding (GB/s, us): 0.250 (4298935)
		Postprocessing (GB/s, us): inf (0)
avg_symbol_2len_start_char: 0.000000,0.000000,0.000000,0.000000,0.000000,0.000000,0.000000,0.000000,0.000000,0.000000,0.007812,0.000000,0.000000,0.000000,0.000000,0.000000,0.000000,0.000000,0.000000,0.000000,0.000000,0.000000,0.000000,0.000000,0.000000,0.000000,0.000000,0.000000,0.000000,0.000000,0.000000,0.000000,0.000000,0.000000,0.000000,0.000000,0.000000,0.070312,0.019531,0.000000,0.000000,0.000000,0.000000,0.000000,0.070312,0.937500,1.039062,4.328125,0.894531,1.699219,0.894531,0.031250,0.011719,0.015625,0.007812,0.015625,0.003906,0.023438,0.000000,0.000000,0.000000,0.031250,0.000000,0.000000,0.000000,0.054688,0.000000,0.199219,0.000000,0.003906,0.000000,0.003906,0.000000,0.000000,0.000000,0.000000,0.003906,0.210938,0.000000,0.000000,0.015625,0.000000,0.003906,0.007812,0.011719,0.000000,0.000000,0.000000,0.000000,0.000000,0.000000,0.000000,0.000000,0.000000,0.000000,2.835938,0.000000,6.000000,2.972656,5.152344,3.277344,5.953125,1.488281,2.742188,3.183594,5.984375,0.003906,0.636719,4.925781,2.968750,5.593750,5.632812,3.925781,0.015625,4.765625,5.996094,5.792969,4.601562,2.054688,0.636719,0.000000,0.613281,0.003906,0.000000,0.000000,0.000000,0.000000,0.000000,0.000000,0.000000,0.000000,0.000000,0.000000,0.000000,0.000000,0.000000,0.000000,0.000000,0.000000,0.000000,0.000000,0.000000,0.000000,0.000000,0.000000,0.000000,0.000000,0.000000,0.000000,0.000000,0.000000,0.000000,0.000000,0.000000,0.000000,0.000000,0.000000,0.000000,0.000000,0.000000,0.000000,0.000000,0.000000,0.000000,0.000000,0.000000,0.000000,0.000000,0.000000,0.000000,0.000000,0.000000,0.000000,0.000000,0.000000,0.000000,0.000000,0.000000,0.000000,0.000000,0.000000,0.000000,0.000000,0.000000,0.000000,0.000000,0.000000,0.000000,0.000000,0.000000,0.000000,0.000000,0.000000,0.000000,0.000000,0.000000,0.000000,0.000000,0.000000,0.000000,0.000000,0.000000,0.000000,0.000000,0.000000,0.000000,0.000000,0.000000,0.000000,0.000000,0.000000,0.000000,0.000000,0.000000,0.000000,0.000000,0.000000,0.000000,0.000000,0.000000,0.000000,0.000000,0.000000,0.000000,0.000000,0.000000,0.000000,0.000000,0.000000,0.000000,0.000000,0.000000,0.000000,0.000000,0.000000,0.000000,0.000000,0.000000,0.000000,0.000000,0.000000,0.000000,0.000000,0.000000,0.000000,0.000000,0.000000,0.000000,0.000000,0.000000,0.000000,0.000000,0.000000,0.000000,0.000000,
avg_symbol_len: 79.878906,98.375000,17.199219,6.734375,12.277344,3.992188,6.847656,22.839844,
avg_symbol_cnt: 248.144531
avg_hashtable_usage: 69.890625
avg_shortcodes_usage: 178.253906
max_2len_start_chars: 30
avg_2len_start_chars: 26.800781
max_2len_combinations: 6
avg_2len_combinations: 3.678529
0.334
Cycles (1) completed. Stats:
	Parameters:
		Block size: 4194304
		Input size: 1073741824
		Effective table size: 4194304
		File name: ../../thesis-testing/dbtext-inflated-1gb/output_urls2
	Compression:
		Duration (us): 3731767
		Throughput (GB/s): 0.288
		Compressed size: 522759058
	Decompression:
		Duration (us): 2137875
		Throughput (GB/s): 0.502
		Ratio: 2.0540
	Compression phases:
		Table generation (GB/s, us): 2.093 (513100)
		Precomputation (GB/s, us): inf (0)
		Encoding (GB/s, us): 0.334 (3218209)
		Postprocessing (GB/s, us): inf (0)
avg_symbol_2len_start_char: 0.000000,0.000000,0.000000,0.000000,0.000000,0.000000,0.000000,0.000000,0.000000,0.000000,0.000000,0.000000,0.000000,0.000000,0.000000,0.000000,0.000000,0.000000,0.000000,0.000000,0.000000,0.000000,0.000000,0.000000,0.000000,0.000000,0.000000,0.000000,0.000000,0.000000,0.000000,0.000000,0.000000,0.000000,0.000000,0.000000,0.000000,0.000000,0.000000,0.000000,0.000000,0.000000,0.000000,0.000000,0.000000,2.988281,1.105469,3.621094,4.082031,4.007812,4.285156,2.257812,1.769531,2.003906,1.078125,0.984375,0.890625,0.949219,5.718750,0.000000,0.000000,0.000000,0.000000,0.000000,0.000000,0.046875,0.000000,0.000000,0.000000,0.000000,0.003906,0.007812,0.000000,0.000000,0.000000,0.000000,0.000000,0.015625,0.000000,0.000000,0.007812,0.000000,0.000000,0.000000,2.828125,0.000000,0.000000,0.003906,0.000000,0.000000,0.000000,0.000000,0.000000,0.000000,0.000000,0.093750,0.000000,5.226562,0.003906,3.582031,0.957031,4.207031,0.000000,1.523438,0.761719,2.695312,0.003906,0.070312,3.691406,1.687500,2.167969,2.699219,0.320312,0.828125,2.761719,3.496094,1.945312,2.109375,1.078125,1.132812,0.000000,0.050781,0.000000,0.000000,0.000000,0.000000,0.000000,0.000000,0.000000,0.000000,0.000000,0.000000,0.000000,0.000000,0.000000,0.000000,0.000000,0.000000,0.000000,0.000000,0.000000,0.000000,0.000000,0.000000,0.000000,0.000000,0.000000,0.000000,0.000000,0.000000,0.000000,0.000000,0.000000,0.000000,0.000000,0.000000,0.000000,0.000000,0.000000,0.000000,0.000000,0.000000,0.000000,0.000000,0.000000,0.000000,0.000000,0.000000,0.000000,0.000000,0.000000,0.000000,0.000000,0.000000,0.000000,0.000000,0.000000,0.000000,0.000000,0.000000,0.000000,0.000000,0.000000,0.000000,0.000000,0.000000,0.000000,0.000000,0.000000,0.000000,0.000000,0.000000,0.000000,0.000000,0.000000,0.000000,0.000000,0.000000,0.000000,0.000000,0.000000,0.000000,0.000000,0.000000,0.000000,0.000000,0.000000,0.000000,0.000000,0.000000,0.000000,0.000000,0.000000,0.000000,0.000000,0.000000,0.000000,0.000000,0.000000,0.000000,0.000000,0.000000,0.000000,0.000000,0.058594,0.011719,0.000000,0.000000,0.000000,0.000000,0.000000,0.000000,0.000000,0.000000,0.000000,0.000000,0.000000,0.000000,0.000000,0.000000,0.000000,0.000000,0.000000,0.000000,0.000000,0.000000,0.000000,0.000000,0.000000,0.000000,0.000000,0.000000,0.000000,0.000000,0.000000,
avg_symbol_len: 80.355469,81.820312,18.726562,9.289062,20.777344,6.171875,6.757812,28.992188,
avg_symbol_cnt: 252.890625
avg_hashtable_usage: 90.714844
avg_shortcodes_usage: 162.175781
max_2len_start_chars: 34
avg_2len_start_chars: 30.468750
max_2len_combinations: 6
avg_2len_combinations: 2.690348
0.415
Cycles (1) completed. Stats:
	Parameters:
		Block size: 4194304
		Input size: 1073741824
		Effective table size: 4194304
		File name: ../../thesis-testing/dbtext-inflated-1gb/output_urls
	Compression:
		Duration (us): 2967321
		Throughput (GB/s): 0.362
		Compressed size: 438175436
	Decompression:
		Duration (us): 1555886
		Throughput (GB/s): 0.690
		Ratio: 2.4505
	Compression phases:
		Table generation (GB/s, us): 2.843 (377694)
		Precomputation (GB/s, us): inf (0)
		Encoding (GB/s, us): 0.415 (2589121)
		Postprocessing (GB/s, us): inf (0)
avg_symbol_2len_start_char: 0.000000,0.000000,0.000000,0.000000,0.000000,0.000000,0.000000,0.000000,0.000000,0.000000,0.000000,0.000000,0.000000,0.000000,0.000000,0.000000,0.000000,0.000000,0.000000,0.000000,0.000000,0.000000,0.000000,0.000000,0.000000,0.000000,0.000000,0.000000,0.000000,0.000000,0.000000,0.000000,0.000000,0.000000,0.000000,0.000000,0.000000,0.000000,0.000000,0.000000,0.000000,0.000000,0.000000,0.000000,0.000000,6.000000,0.000000,0.000000,5.757812,5.937500,5.539062,5.980469,5.929688,5.984375,5.812500,5.980469,5.800781,6.000000,0.000000,0.000000,0.000000,0.000000,0.000000,0.000000,0.000000,0.000000,0.000000,0.000000,0.000000,0.000000,0.000000,0.000000,0.000000,0.000000,0.000000,0.000000,0.000000,0.000000,0.000000,0.000000,0.000000,0.000000,0.000000,0.000000,0.000000,0.000000,0.000000,0.000000,0.000000,0.000000,0.000000,0.000000,0.000000,0.000000,0.000000,0.000000,0.000000,6.000000,6.000000,6.000000,6.000000,5.996094,6.000000,0.000000,0.000000,0.000000,0.000000,0.000000,0.000000,0.000000,0.000000,0.000000,0.000000,0.000000,0.000000,0.000000,0.000000,0.000000,0.000000,0.000000,0.000000,0.000000,0.000000,0.000000,0.000000,0.000000,0.000000,0.000000,0.000000,0.000000,0.000000,0.000000,0.000000,0.000000,0.000000,0.000000,0.000000,0.000000,0.000000,0.000000,0.000000,0.000000,0.000000,0.000000,0.000000,0.000000,0.000000,0.000000,0.000000,0.000000,0.000000,0.000000,0.000000,0.000000,0.000000,0.000000,0.000000,0.000000,0.000000,0.000000,0.000000,0.000000,0.000000,0.000000,0.000000,0.000000,0.000000,0.000000,0.000000,0.000000,0.000000,0.000000,0.000000,0.000000,0.000000,0.000000,0.000000,0.000000,0.000000,0.000000,0.000000,0.000000,0.000000,0.000000,0.000000,0.000000,0.000000,0.000000,0.000000,0.000000,0.000000,0.000000,0.000000,0.000000,0.000000,0.000000,0.000000,0.000000,0.000000,0.000000,0.000000,0.000000,0.000000,0.000000,0.000000,0.000000,0.000000,0.000000,0.000000,0.000000,0.000000,0.000000,0.000000,0.000000,0.000000,0.000000,0.000000,0.000000,0.000000,0.000000,0.000000,0.000000,0.000000,0.000000,0.000000,0.000000,0.000000,0.000000,0.000000,0.000000,0.000000,0.000000,0.000000,0.000000,0.000000,0.000000,0.000000,0.000000,0.000000,0.000000,0.000000,0.000000,0.000000,0.000000,0.000000,0.000000,0.000000,0.000000,0.000000,0.000000,0.000000,0.000000,0.000000,0.000000,0.000000,
avg_symbol_len: 19.000000,100.718750,2.777344,16.648438,0.398438,3.695312,1.031250,10.109375,
avg_symbol_cnt: 154.378906
avg_hashtable_usage: 34.660156
avg_shortcodes_usage: 119.718750
max_2len_start_chars: 17
avg_2len_start_chars: 17.000000
max_2len_combinations: 6
avg_2len_combinations: 5.924626
0.328
Cycles (1) completed. Stats:
	Parameters:
		Block size: 4194304
		Input size: 1073741824
		Effective table size: 4194304
		File name: ../../thesis-testing/dbtext-inflated-1gb/output_uuid
	Compression:
		Duration (us): 3830246
		Throughput (GB/s): 0.280
		Compressed size: 543830648
	Decompression:
		Duration (us): 2148602
		Throughput (GB/s): 0.500
		Ratio: 1.9744
	Compression phases:
		Table generation (GB/s, us): 1.932 (555756)
		Precomputation (GB/s, us): inf (0)
		Encoding (GB/s, us): 0.328 (3274088)
		Postprocessing (GB/s, us): inf (0)
avg_symbol_2len_start_char: 0.000000,0.000000,0.000000,0.000000,0.000000,0.000000,0.000000,0.000000,0.000000,0.000000,6.000000,0.000000,0.000000,0.000000,0.000000,0.000000,0.000000,0.000000,0.000000,0.000000,0.000000,0.000000,0.000000,0.000000,0.000000,0.000000,0.000000,0.000000,0.000000,0.000000,0.000000,0.000000,0.000000,0.000000,0.000000,0.000000,0.000000,0.000000,0.000000,0.000000,0.000000,0.000000,0.000000,0.000000,0.000000,0.000000,0.000000,0.000000,5.847656,6.000000,6.000000,6.000000,6.000000,6.000000,6.000000,6.000000,6.000000,6.000000,0.000000,0.000000,0.000000,0.000000,0.000000,0.000000,0.000000,6.000000,6.000000,6.000000,6.000000,6.000000,6.000000,0.000000,0.000000,0.000000,0.000000,0.000000,0.000000,0.000000,0.000000,0.000000,0.000000,0.000000,0.000000,0.000000,0.000000,0.000000,0.000000,0.000000,0.000000,0.000000,0.000000,0.000000,0.000000,0.000000,0.000000,0.000000,0.000000,0.000000,0.000000,0.000000,0.000000,0.000000,0.000000,0.000000,0.000000,0.000000,0.000000,0.000000,0.000000,0.000000,0.000000,0.000000,0.000000,0.000000,0.000000,0.000000,0.000000,0.000000,0.000000,0.000000,0.000000,0.000000,0.000000,0.000000,0.000000,0.000000,0.000000,0.000000,0.000000,0.000000,0.000000,0.000000,0.000000,0.000000,0.000000,0.000000,0.000000,0.000000,0.000000,0.000000,0.000000,0.000000,0.000000,0.000000,0.000000,0.000000,0.000000,0.000000,0.000000,0.000000,0.000000,0.000000,0.000000,0.000000,0.000000,0.000000,0.000000,0.000000,0.000000,0.000000,0.000000,0.000000,0.000000,0.000000,0.000000,0.000000,0.000000,0.000000,0.000000,0.000000,0.000000,0.000000,0.000000,0.000000,0.000000,0.000000,0.000000,0.000000,0.000000,0.000000,0.000000,0.000000,0.000000,0.000000,0.000000,0.000000,0.000000,0.000000,0.000000,0.000000,0.000000,0.000000,0.000000,0.000000,0.000000,0.000000,0.000000,0.000000,0.000000,0.000000,0.000000,0.000000,0.000000,0.000000,0.000000,0.000000,0.000000,0.000000,0.000000,0.000000,0.000000,0.000000,0.000000,0.000000,0.000000,0.000000,0.000000,0.000000,0.000000,0.000000,0.000000,0.000000,0.000000,0.000000,0.000000,0.000000,0.000000,0.000000,0.000000,0.000000,0.000000,0.000000,0.000000,0.000000,0.000000,0.000000,0.000000,0.000000,0.000000,0.000000,0.000000,0.000000,0.000000,0.000000,0.000000,0.000000,0.000000,0.000000,0.000000,0.000000,0.000000,0.000000,0.000000,0.000000,0.000000,
avg_symbol_len: 18.000000,101.847656,0.003906,0.000000,0.000000,0.000000,0.000000,0.000000,
avg_symbol_cnt: 119.851562
avg_hashtable_usage: 0.003906
avg_shortcodes_usage: 119.847656
max_2len_start_chars: 17
avg_2len_start_chars: 17.000000
max_2len_combinations: 6
avg_2len_combinations: 5.991037
0.244
Cycles (1) completed. Stats:
	Parameters:
		Block size: 4194304
		Input size: 1073741824
		Effective table size: 4194304
		File name: ../../thesis-testing/dbtext-inflated-1gb/output_hex
	Compression:
		Duration (us): 5183385
		Throughput (GB/s): 0.207
		Compressed size: 768160856
	Decompression:
		Duration (us): 2653226
		Throughput (GB/s): 0.405
		Ratio: 1.3978
	Compression phases:
		Table generation (GB/s, us): 1.380 (777921)
		Precomputation (GB/s, us): inf (0)
		Encoding (GB/s, us): 0.244 (4405058)
		Postprocessing (GB/s, us): inf (0)
		
2.7967,
3.6771,
2.3356,
2.0211,
1.5240,
1.5606,
2.0540,
2.4505,
1.9744,
1.3978,

TPC-H:  3.2369
GDelt:  2.3356
DBtext: 1.8546