TPC-H
15 2.9708,3.0632,3.1236,3.1473,3.1479
20 3.0377,3.1372,3.2059,3.2346,3.2352
25 3.1146,3.2306,3.3033,3.3340,3.3363
30 3.1187,3.2369,3.3101,3.3408,3.3434
35 3.1187,3.2369,3.3101,3.3408,3.3434
40 3.1187,3.2369,3.3101,3.3408,3.3434

GDelt
15 2.1565,2.1582,2.1582,2.1582,2.1582
20 2.2156,2.2209,2.2210,2.2210,2.2210
25 2.2683,2.2809,2.2822,2.2822,2.2822
30 2.3070,2.3271,2.3307,2.3316,2.3317
35 2.3138,2.3355,2.3398,2.3411,2.3413
40 2.3138,2.3356,2.3399,2.3412,2.3414

DBText
15 1.6156,1.6286,1.6383,1.6460,1.6517
20 1.7021,1.7451,1.7797,1.8103,1.8371
25 1.7459,1.8041,1.8436,1.8747,1.9015
30 1.7731,1.8446,1.8914,1.9248,1.9518
35 1.7797,1.8543,1.9033,1.9373,1.9644
40 1.7799,1.8546,1.9036,1.9376,1.9647
