avg_symbol_2len_start_char: 0.000000,0.000000,0.000000,0.000000,0.000000,0.000000,0.000000,0.000000,0.000000,0.000000,9.881356,0.000000,0.000000,0.000000,0.000000,0.000000,0.000000,0.000000,0.000000,0.000000,0.000000,0.000000,0.000000,0.000000,0.000000,0.000000,0.000000,0.000000,0.000000,0.000000,0.000000,0.000000,9.762712,0.000000,0.000000,0.000000,0.000000,0.000000,0.000000,0.000000,0.000000,0.000000,0.000000,0.000000,1.000000,0.000000,1.033898,0.000000,0.000000,0.000000,0.000000,0.000000,0.000000,0.000000,0.000000,0.000000,0.000000,0.000000,0.000000,0.004237,0.000000,0.000000,0.000000,0.000000,0.000000,0.000000,0.000000,0.000000,0.000000,0.000000,0.000000,0.000000,0.000000,0.000000,0.000000,0.000000,0.000000,0.000000,0.000000,0.000000,0.000000,0.000000,0.000000,0.000000,0.000000,0.000000,0.000000,0.000000,0.000000,0.000000,0.000000,0.000000,0.000000,0.000000,0.000000,0.000000,0.000000,6.233051,1.351695,5.338983,2.360169,4.932203,3.072034,1.432203,1.050847,4.923729,0.016949,0.550847,6.004237,0.351695,2.750000,4.326271,2.847458,0.614407,5.661017,4.241526,4.254237,3.991525,0.978814,0.652542,0.207627,2.364407,0.000000,0.000000,0.000000,0.000000,0.000000,0.000000,0.000000,0.000000,0.000000,0.000000,0.000000,0.000000,0.000000,0.000000,0.000000,0.000000,0.000000,0.000000,0.000000,0.000000,0.000000,0.000000,0.000000,0.000000,0.000000,0.000000,0.000000,0.000000,0.000000,0.000000,0.000000,0.000000,0.000000,0.000000,0.000000,0.000000,0.000000,0.000000,0.000000,0.000000,0.000000,0.000000,0.000000,0.000000,0.000000,0.000000,0.000000,0.000000,0.000000,0.000000,0.000000,0.000000,0.000000,0.000000,0.000000,0.000000,0.000000,0.000000,0.000000,0.000000,0.000000,0.000000,0.000000,0.000000,0.000000,0.000000,0.000000,0.000000,0.000000,0.000000,0.000000,0.000000,0.000000,0.000000,0.000000,0.000000,0.000000,0.000000,0.000000,0.000000,0.000000,0.000000,0.000000,0.000000,0.000000,0.000000,0.000000,0.000000,0.000000,0.000000,0.000000,0.000000,0.000000,0.000000,0.000000,0.000000,0.000000,0.000000,0.000000,0.000000,0.000000,0.000000,0.000000,0.000000,0.000000,0.000000,0.000000,0.000000,0.000000,0.000000,0.000000,0.000000,0.000000,0.000000,0.000000,0.000000,0.000000,0.000000,0.000000,0.000000,0.000000,0.000000,0.000000,0.000000,0.000000,0.000000,0.000000,0.000000,0.000000,0.000000,0.000000,0.000000,0.000000,
avg_symbol_len: 36.750000,92.190681,21.313559,14.118644,16.716103,18.233051,13.283898,33.216103,
avg_symbol_cnt: 245.822037
avg_hashtable_usage: 116.881355
avg_shortcodes_usage: 128.940674
max_2len_start_chars: 28
avg_2len_start_chars: 24.775423
max_2len_combinations: 10
avg_2len_combinations: 3.729719
0.370
Cycles (1) completed. Stats:
	Parameters:
		Block size: 4194304
		Input size: 989855744
		Effective table size: 4194304
		File name: ../../thesis-testing/lineitem-1gb/lineitem-comments-1gb-1.txt
	Compression:
		Duration (us): 3006915
		Throughput (GB/s): 0.329
		Compressed size: 352082450
	Decompression:
		Duration (us): 2150162
		Throughput (GB/s): 0.460
		Ratio: 2.8114
	Compression phases:
		Table generation (GB/s, us): 2.997 (330228)
		Precomputation (GB/s, us): inf (0)
		Encoding (GB/s, us): 0.370 (2676295)
		Postprocessing (GB/s, us): inf (0)
avg_symbol_2len_start_char: 0.000000,0.000000,0.000000,0.000000,0.000000,0.000000,0.000000,0.000000,0.000000,0.000000,1.668142,0.000000,0.000000,0.000000,0.000000,0.000000,0.000000,0.000000,0.000000,0.000000,0.000000,0.000000,0.000000,0.000000,0.000000,0.000000,0.000000,0.000000,0.000000,0.000000,0.000000,0.000000,0.000000,0.000000,0.000000,0.106195,0.000000,0.000000,0.000000,0.000000,0.000000,0.000000,0.000000,0.000000,0.000000,0.000000,0.000000,0.000000,8.203540,7.637168,7.539823,7.734513,7.323009,7.535398,7.446903,8.066372,7.641593,8.225664,0.000000,0.000000,0.000000,0.000000,0.000000,0.000000,0.000000,0.000000,0.000000,0.061947,0.000000,0.000000,0.000000,0.000000,0.000000,0.000000,0.000000,0.000000,0.000000,0.000000,0.000000,0.000000,0.000000,0.000000,0.000000,0.000000,0.000000,0.000000,0.000000,0.000000,0.000000,0.000000,0.000000,0.000000,0.000000,0.000000,0.000000,0.000000,0.000000,0.000000,0.000000,0.000000,0.000000,0.314159,0.000000,0.000000,0.000000,0.000000,0.000000,0.000000,0.000000,1.371681,0.000000,0.053097,0.000000,0.000000,1.460177,0.190265,1.495575,1.376106,0.000000,0.000000,0.000000,0.000000,0.000000,0.000000,0.000000,0.000000,0.000000,0.000000,0.000000,0.000000,0.000000,0.000000,0.000000,0.000000,0.000000,0.000000,0.000000,0.000000,0.000000,0.000000,0.000000,0.000000,0.000000,0.000000,0.000000,0.000000,0.000000,0.000000,0.000000,0.000000,0.000000,0.000000,0.000000,0.000000,0.000000,0.000000,0.000000,0.000000,0.000000,0.000000,0.000000,0.000000,0.000000,0.000000,0.000000,0.000000,0.000000,0.000000,0.000000,0.000000,0.000000,0.000000,0.000000,0.000000,0.000000,0.000000,0.000000,0.000000,0.000000,0.000000,0.000000,0.000000,0.000000,0.000000,0.000000,0.000000,0.000000,0.000000,0.000000,0.000000,0.000000,0.000000,0.000000,0.000000,0.000000,0.000000,0.000000,0.000000,0.000000,0.000000,0.000000,0.000000,0.000000,0.000000,0.000000,0.000000,0.000000,0.000000,0.000000,0.000000,0.000000,0.000000,0.000000,0.000000,0.000000,0.000000,0.000000,0.000000,0.000000,0.000000,0.000000,0.000000,0.000000,0.000000,0.000000,0.000000,0.000000,0.000000,0.000000,0.000000,0.000000,0.000000,0.000000,0.000000,0.000000,0.000000,0.000000,0.000000,0.000000,0.000000,0.000000,0.000000,0.000000,0.000000,0.000000,0.000000,0.000000,0.000000,0.000000,0.000000,0.000000,0.000000,0.000000,0.000000,0.000000,
avg_symbol_len: 20.663717,85.451324,23.336283,17.194691,14.871681,24.376106,1.084071,42.464603,
avg_symbol_cnt: 229.442474
avg_hashtable_usage: 123.327431
avg_shortcodes_usage: 106.115044
max_2len_start_chars: 19
avg_2len_start_chars: 15.101769
max_2len_combinations: 10
avg_2len_combinations: 5.686296
0.724
Cycles (1) completed. Stats:
	Parameters:
		Block size: 4194304
		Input size: 947912704
		Effective table size: 4194304
		File name: ../../thesis-testing/customer-1gb/customer-id-1gb-1.txt
	Compression:
		Duration (us): 1527035
		Throughput (GB/s): 0.621
		Compressed size: 244921292
	Decompression:
		Duration (us): 738542
		Throughput (GB/s): 1.283
		Ratio: 3.8703
	Compression phases:
		Table generation (GB/s, us): 4.371 (216858)
		Precomputation (GB/s, us): inf (0)
		Encoding (GB/s, us): 0.724 (1309852)
		Postprocessing (GB/s, us): inf (0)


avg_symbol_2len_start_char: 0.000000,0.000000,0.000000,0.000000,0.000000,0.000000,0.000000,0.000000,0.000000,0.000000,4.347656,0.000000,0.000000,0.000000,0.000000,0.000000,0.000000,0.000000,0.000000,0.000000,0.000000,0.000000,0.000000,0.000000,0.000000,0.000000,0.000000,0.000000,0.000000,0.000000,0.000000,0.000000,1.996094,0.000000,0.000000,0.000000,0.000000,0.000000,0.000000,0.031250,0.000000,0.015625,0.000000,0.000000,1.000000,0.031250,0.000000,0.000000,0.000000,0.000000,0.000000,0.000000,0.000000,0.000000,0.000000,0.000000,0.000000,0.000000,0.000000,0.000000,0.000000,0.000000,0.000000,0.000000,0.000000,0.503906,1.078125,1.324219,0.039062,0.097656,0.109375,0.585938,0.000000,0.480469,0.625000,0.601562,0.605469,1.164062,0.421875,0.003906,0.238281,0.109375,0.070312,0.460938,0.738281,0.046875,0.000000,0.285156,0.000000,0.015625,0.042969,0.000000,0.000000,0.000000,0.000000,0.000000,0.000000,6.367188,0.777344,1.746094,2.070312,5.277344,0.042969,1.042969,2.046875,3.792969,0.562500,1.152344,2.628906,0.968750,2.628906,4.875000,0.292969,0.023438,3.042969,1.675781,2.734375,2.015625,0.238281,0.765625,0.000000,1.445312,0.085938,0.000000,0.000000,0.000000,0.000000,0.000000,0.000000,0.000000,0.000000,0.000000,0.000000,0.000000,0.000000,0.000000,0.000000,0.000000,0.000000,0.000000,0.000000,0.000000,0.000000,0.000000,0.000000,0.000000,0.000000,0.000000,0.000000,0.000000,0.000000,0.000000,0.000000,0.000000,0.000000,0.000000,0.000000,0.000000,0.000000,0.000000,0.000000,0.000000,0.000000,0.000000,0.000000,0.000000,0.000000,0.000000,0.000000,0.000000,0.000000,0.000000,0.000000,0.000000,0.000000,0.000000,0.000000,0.000000,0.000000,0.000000,0.000000,0.000000,0.000000,0.000000,0.000000,0.000000,0.000000,0.000000,0.000000,0.000000,0.000000,0.000000,0.000000,0.000000,0.000000,0.000000,0.000000,0.000000,0.000000,0.000000,0.000000,0.000000,0.000000,0.000000,0.000000,0.000000,0.000000,0.000000,0.000000,0.000000,0.000000,0.000000,0.000000,0.000000,0.000000,0.000000,0.000000,0.000000,0.000000,0.000000,0.000000,0.000000,0.000000,0.000000,0.000000,0.000000,0.000000,0.000000,0.000000,0.000000,0.000000,0.000000,0.000000,0.000000,0.000000,0.000000,0.000000,0.000000,0.000000,0.000000,0.000000,0.000000,0.000000,0.000000,0.000000,0.000000,0.000000,0.000000,0.000000,0.000000,0.000000,0.000000,0.000000,0.000000,0.000000,
avg_symbol_len: 63.000000,65.371094,21.207031,13.171875,14.964844,13.675781,9.921875,26.914062,
avg_symbol_cnt: 228.226562
avg_hashtable_usage: 99.855469
avg_shortcodes_usage: 128.371094
max_2len_start_chars: 30
avg_2len_start_chars: 29.406250
max_2len_combinations: 10
avg_2len_combinations: 2.230432
0.475
Cycles (1) completed. Stats:
	Parameters:
		Block size: 4194304
		Input size: 1073741824
		Effective table size: 4194304
		File name: ../../thesis-testing/gdelt-locations-inflated-1gb/output_locations.txt
	Compression:
		Duration (us): 2540173
		Throughput (GB/s): 0.423
		Compressed size: 460524858
	Decompression:
		Duration (us): 1010368
		Throughput (GB/s): 1.063
		Ratio: 2.3316
	Compression phases:
		Table generation (GB/s, us): 3.818 (281219)
		Precomputation (GB/s, us): inf (0)
		Encoding (GB/s, us): 0.475 (2258545)
		Postprocessing (GB/s, us): inf (0)


avg_symbol_2len_start_char: 0.000000,0.000000,0.000000,0.000000,0.000000,0.000000,0.000000,0.000000,0.000000,0.000000,3.621094,0.000000,0.000000,0.000000,0.000000,0.000000,0.000000,0.000000,0.000000,0.000000,0.000000,0.000000,0.000000,0.000000,0.000000,0.000000,0.000000,0.000000,0.000000,0.000000,0.000000,0.000000,0.000000,0.000000,0.000000,0.000000,0.000000,0.000000,0.000000,0.000000,0.000000,0.000000,0.000000,0.000000,0.000000,0.000000,2.191406,0.000000,0.460938,1.742188,0.765625,0.324219,0.269531,0.273438,0.160156,0.242188,0.234375,0.238281,0.000000,0.000000,0.000000,0.000000,0.000000,0.000000,1.019531,0.000000,0.000000,0.000000,0.000000,0.000000,0.000000,0.000000,0.000000,0.000000,0.000000,0.000000,0.000000,0.000000,0.000000,0.000000,0.000000,0.000000,0.000000,0.000000,0.000000,0.000000,0.000000,0.000000,0.000000,0.000000,0.000000,0.000000,0.000000,0.000000,0.000000,0.015625,0.000000,6.433594,4.519531,4.718750,4.324219,6.199219,1.472656,3.703125,3.343750,6.140625,1.488281,3.335938,6.312500,6.023438,7.339844,5.156250,3.000000,0.000000,5.402344,7.054688,6.253906,4.300781,2.554688,1.722656,0.351562,1.804688,0.183594,0.000000,0.000000,0.000000,0.000000,0.000000,0.000000,0.000000,0.000000,0.000000,0.000000,0.000000,0.000000,0.000000,0.000000,0.000000,0.000000,0.000000,0.000000,0.000000,0.000000,0.000000,0.000000,0.000000,0.000000,0.000000,0.000000,0.000000,0.000000,0.000000,0.000000,0.000000,0.000000,0.000000,0.000000,0.000000,0.000000,0.000000,0.000000,0.000000,0.000000,0.000000,0.000000,0.000000,0.000000,0.000000,0.000000,0.000000,0.000000,0.000000,0.000000,0.000000,0.000000,0.000000,0.000000,0.000000,0.000000,0.000000,0.000000,0.000000,0.000000,0.000000,0.000000,0.000000,0.000000,0.000000,0.000000,0.000000,0.000000,0.000000,0.000000,0.000000,0.000000,0.000000,0.000000,0.000000,0.000000,0.000000,0.000000,0.000000,0.000000,0.000000,0.000000,0.000000,0.000000,0.000000,0.000000,0.000000,0.000000,0.000000,0.000000,0.000000,0.000000,0.000000,0.000000,0.000000,0.000000,0.000000,0.000000,0.000000,0.000000,0.000000,0.000000,0.000000,0.000000,0.000000,0.000000,0.000000,0.000000,0.000000,0.000000,0.000000,0.000000,0.000000,0.000000,0.000000,0.000000,0.000000,0.000000,0.000000,0.000000,0.000000,0.000000,0.000000,0.000000,0.000000,0.000000,0.000000,0.000000,0.000000,0.000000,0.000000,0.000000,
avg_symbol_len: 42.222656,114.699219,19.496094,4.871094,6.875000,9.253906,3.343750,24.187500,
avg_symbol_cnt: 224.949219
avg_hashtable_usage: 68.027344
avg_shortcodes_usage: 156.921875
max_2len_start_chars: 30
avg_2len_start_chars: 29.566406
max_2len_combinations: 10
avg_2len_combinations: 3.888166
0.299
Cycles (1) completed. Stats:
	Parameters:
		Block size: 4194304
		Input size: 1073741824
		Effective table size: 4194304
		File name: ../../thesis-testing/dbtext-inflated-1gb/output_email
	Compression:
		Duration (us): 4180417
		Throughput (GB/s): 0.257
		Compressed size: 532783077
	Decompression:
		Duration (us): 2587226
		Throughput (GB/s): 0.415
		Ratio: 2.0153
	Compression phases:
		Table generation (GB/s, us): 1.830 (586791)
		Precomputation (GB/s, us): inf (0)
		Encoding (GB/s, us): 0.299 (3593228)
		Postprocessing (GB/s, us): inf (0)
avg_symbol_2len_start_char: 0.000000,0.000000,0.000000,0.000000,0.000000,0.000000,0.000000,0.000000,0.000000,0.000000,7.875000,0.000000,0.000000,0.000000,0.000000,0.000000,0.000000,0.000000,0.000000,0.000000,0.000000,0.000000,0.000000,0.000000,0.000000,0.000000,0.000000,0.000000,0.000000,0.000000,0.000000,0.000000,0.000000,0.000000,0.000000,0.000000,0.000000,0.000000,0.000000,0.000000,0.000000,1.000000,0.000000,0.000000,1.000000,0.000000,0.906250,0.000000,0.000000,0.414062,0.000000,0.000000,0.000000,0.000000,0.000000,0.000000,0.000000,0.000000,0.000000,0.000000,0.000000,0.000000,0.000000,0.000000,0.000000,0.003906,0.222656,1.558594,0.113281,0.000000,0.023438,0.093750,0.183594,0.121094,0.117188,0.027344,0.191406,1.046875,0.179688,0.000000,0.226562,0.000000,0.234375,0.320312,0.085938,0.000000,0.011719,0.148438,0.000000,0.000000,0.000000,0.000000,0.000000,0.000000,0.000000,8.062500,0.000000,9.250000,1.136719,3.859375,3.988281,8.296875,0.167969,1.679688,3.843750,8.578125,0.000000,1.835938,5.785156,2.781250,8.539062,8.160156,1.625000,0.000000,6.019531,5.531250,6.699219,5.503906,2.179688,0.757812,0.000000,2.003906,0.003906,0.000000,0.000000,0.000000,0.000000,0.000000,0.000000,0.000000,0.000000,0.000000,0.000000,0.000000,0.000000,0.000000,0.000000,0.000000,0.000000,0.000000,0.000000,0.000000,0.000000,0.000000,0.000000,0.000000,0.000000,0.000000,0.000000,0.000000,0.000000,0.000000,0.000000,0.000000,0.000000,0.000000,0.000000,0.000000,0.000000,0.000000,0.000000,0.000000,0.000000,0.000000,0.000000,0.000000,0.000000,0.000000,0.000000,0.000000,0.000000,0.000000,0.000000,0.000000,0.000000,0.000000,0.000000,0.000000,0.000000,0.000000,0.000000,0.000000,0.000000,0.000000,0.000000,0.000000,0.000000,0.000000,0.000000,0.000000,0.000000,0.000000,0.000000,0.000000,0.000000,0.015625,0.000000,0.000000,0.000000,0.000000,0.000000,0.000000,0.000000,0.000000,0.000000,0.000000,0.000000,0.000000,0.000000,0.000000,0.000000,0.000000,0.000000,0.000000,0.000000,0.000000,0.000000,0.000000,0.000000,0.000000,0.000000,0.000000,0.000000,0.000000,0.000000,0.000000,0.000000,0.000000,0.000000,0.000000,0.000000,0.000000,0.000000,0.000000,0.000000,0.000000,0.000000,0.000000,0.000000,0.000000,0.000000,0.000000,0.000000,0.000000,0.000000,0.000000,0.000000,0.000000,0.000000,0.000000,0.000000,0.000000,0.000000,0.000000,0.000000,
avg_symbol_len: 89.671875,122.410156,31.652344,4.085938,2.812500,1.058594,0.886719,0.332031,
avg_symbol_cnt: 252.910156
avg_hashtable_usage: 40.828125
avg_shortcodes_usage: 212.082031
max_2len_start_chars: 30
avg_2len_start_chars: 29.988281
max_2len_combinations: 10
avg_2len_combinations: 4.082249
0.244
Cycles (1) completed. Stats:
	Parameters:
		Block size: 4194304
		Input size: 1073741824
		Effective table size: 4194304
		File name: ../../thesis-testing/dbtext-inflated-1gb/output_yago
	Compression:
		Duration (us): 5079025
		Throughput (GB/s): 0.211
		Compressed size: 693154254
	Decompression:
		Duration (us): 2948959
		Throughput (GB/s): 0.364
		Ratio: 1.5491
	Compression phases:
		Table generation (GB/s, us): 1.577 (681026)
		Precomputation (GB/s, us): inf (0)
		Encoding (GB/s, us): 0.244 (4397577)
		Postprocessing (GB/s, us): inf (0)
avg_symbol_2len_start_char: 0.000000,0.000000,0.000000,0.000000,0.000000,0.000000,0.000000,0.000000,0.000000,0.000000,7.058594,0.000000,0.000000,0.000000,0.000000,0.000000,0.000000,0.000000,0.000000,0.000000,0.000000,0.000000,0.000000,0.000000,0.000000,0.000000,0.000000,0.000000,0.000000,0.000000,0.000000,0.000000,0.000000,0.000000,0.000000,0.000000,0.000000,0.000000,0.000000,0.000000,0.000000,1.000000,0.000000,0.000000,1.000000,0.000000,0.546875,0.000000,0.015625,0.878906,0.378906,0.000000,0.000000,0.000000,0.000000,0.000000,0.000000,0.000000,0.000000,0.000000,0.000000,0.000000,0.000000,0.000000,0.000000,0.089844,0.097656,0.957031,0.082031,0.000000,0.000000,0.007812,0.105469,0.234375,0.039062,0.000000,0.515625,0.597656,0.089844,0.000000,0.160156,0.000000,0.640625,0.097656,0.019531,0.000000,0.007812,0.144531,0.000000,0.000000,0.000000,0.000000,0.000000,0.000000,0.000000,6.410156,0.000000,9.082031,1.437500,4.757812,3.753906,7.902344,0.210938,1.796875,3.445312,7.726562,0.000000,1.242188,5.710938,3.269531,7.843750,7.218750,2.445312,0.003906,5.582031,6.601562,6.765625,4.980469,2.105469,0.578125,0.000000,1.972656,0.000000,0.000000,0.000000,0.000000,0.000000,0.000000,0.000000,0.000000,0.000000,0.000000,0.000000,0.000000,0.000000,0.000000,0.000000,0.000000,0.000000,0.000000,0.000000,0.000000,0.000000,0.000000,0.000000,0.000000,0.000000,0.000000,0.000000,0.000000,0.000000,0.000000,0.000000,0.000000,0.000000,0.000000,0.000000,0.000000,0.000000,0.000000,0.000000,0.000000,0.000000,0.000000,0.000000,0.000000,0.000000,0.000000,0.000000,0.000000,0.000000,0.000000,0.000000,0.000000,0.000000,0.000000,0.000000,0.000000,0.000000,0.000000,0.000000,0.000000,0.000000,0.000000,0.000000,0.000000,0.000000,0.000000,0.000000,0.000000,0.000000,0.000000,0.000000,0.000000,0.000000,0.000000,0.000000,0.000000,0.000000,0.000000,0.000000,0.000000,0.000000,0.000000,0.000000,0.000000,0.000000,0.000000,0.000000,0.000000,0.000000,0.000000,0.000000,0.000000,0.000000,0.000000,0.000000,0.000000,0.000000,0.000000,0.000000,0.000000,0.000000,0.000000,0.000000,0.000000,0.000000,0.000000,0.000000,0.000000,0.000000,0.000000,0.000000,0.000000,0.000000,0.000000,0.000000,0.000000,0.000000,0.000000,0.000000,0.000000,0.000000,0.000000,0.000000,0.000000,0.000000,0.000000,0.000000,0.000000,0.000000,0.000000,0.000000,0.000000,0.000000,
avg_symbol_len: 86.996094,117.609375,27.605469,6.367188,6.312500,1.339844,2.195312,4.531250,
avg_symbol_cnt: 252.957031
avg_hashtable_usage: 48.351562
avg_shortcodes_usage: 204.605469
max_2len_start_chars: 30
avg_2len_start_chars: 29.824219
max_2len_combinations: 10
avg_2len_combinations: 3.947498
0.251
Cycles (1) completed. Stats:
	Parameters:
		Block size: 4194304
		Input size: 1073741824
		Effective table size: 4194304
		File name: ../../thesis-testing/dbtext-inflated-1gb/output_wiki
	Compression:
		Duration (us): 4939093
		Throughput (GB/s): 0.217
		Compressed size: 681279191
	Decompression:
		Duration (us): 2884704
		Throughput (GB/s): 0.372
		Ratio: 1.5761
	Compression phases:
		Table generation (GB/s, us): 1.634 (656947)
		Precomputation (GB/s, us): inf (0)
		Encoding (GB/s, us): 0.251 (4281746)
		Postprocessing (GB/s, us): inf (0)
avg_symbol_2len_start_char: 0.000000,0.000000,0.000000,0.000000,0.000000,0.000000,0.000000,0.000000,0.000000,0.000000,0.007812,0.000000,0.000000,0.000000,0.000000,0.000000,0.000000,0.000000,0.000000,0.000000,0.000000,0.000000,0.000000,0.000000,0.000000,0.000000,0.000000,0.000000,0.000000,0.000000,0.000000,0.000000,0.000000,0.000000,0.000000,0.000000,0.000000,0.066406,0.019531,0.000000,0.000000,0.000000,0.000000,0.000000,0.070312,0.929688,1.027344,4.355469,0.890625,1.699219,0.855469,0.031250,0.011719,0.015625,0.007812,0.015625,0.003906,0.023438,0.000000,0.000000,0.000000,0.031250,0.000000,0.000000,0.000000,0.054688,0.000000,0.199219,0.000000,0.003906,0.000000,0.003906,0.000000,0.000000,0.000000,0.000000,0.003906,0.207031,0.000000,0.000000,0.015625,0.000000,0.003906,0.007812,0.011719,0.000000,0.000000,0.000000,0.000000,0.000000,0.000000,0.000000,0.000000,0.000000,0.000000,2.742188,0.000000,8.351562,2.941406,5.164062,3.269531,7.894531,1.464844,2.718750,3.175781,7.816406,0.003906,0.605469,4.871094,2.941406,6.121094,6.257812,3.878906,0.015625,4.773438,8.632812,6.617188,4.625000,2.054688,0.609375,0.000000,0.613281,0.003906,0.000000,0.000000,0.000000,0.000000,0.000000,0.000000,0.000000,0.000000,0.000000,0.000000,0.000000,0.000000,0.000000,0.000000,0.000000,0.000000,0.000000,0.000000,0.000000,0.000000,0.000000,0.000000,0.000000,0.000000,0.000000,0.000000,0.000000,0.000000,0.000000,0.000000,0.000000,0.000000,0.000000,0.000000,0.000000,0.000000,0.000000,0.000000,0.000000,0.000000,0.000000,0.000000,0.000000,0.000000,0.000000,0.000000,0.000000,0.000000,0.000000,0.000000,0.000000,0.000000,0.000000,0.000000,0.000000,0.000000,0.000000,0.000000,0.000000,0.000000,0.000000,0.000000,0.000000,0.000000,0.000000,0.000000,0.000000,0.000000,0.000000,0.000000,0.000000,0.000000,0.000000,0.000000,0.000000,0.000000,0.000000,0.000000,0.000000,0.000000,0.000000,0.000000,0.000000,0.000000,0.000000,0.000000,0.000000,0.000000,0.000000,0.000000,0.000000,0.000000,0.000000,0.000000,0.000000,0.000000,0.000000,0.000000,0.000000,0.000000,0.000000,0.000000,0.000000,0.000000,0.000000,0.000000,0.000000,0.000000,0.000000,0.000000,0.000000,0.000000,0.000000,0.000000,0.000000,0.000000,0.000000,0.000000,0.000000,0.000000,0.000000,0.000000,0.000000,0.000000,0.000000,0.000000,0.000000,0.000000,0.000000,0.000000,0.000000,0.000000,
avg_symbol_len: 75.714844,108.738281,16.628906,6.601562,12.109375,3.738281,6.652344,22.464844,
avg_symbol_cnt: 252.648438
avg_hashtable_usage: 68.195312
avg_shortcodes_usage: 184.453125
max_2len_start_chars: 30
avg_2len_start_chars: 26.683594
max_2len_combinations: 10
avg_2len_combinations: 4.085795
0.334
Cycles (1) completed. Stats:
	Parameters:
		Block size: 4194304
		Input size: 1073741824
		Effective table size: 4194304
		File name: ../../thesis-testing/dbtext-inflated-1gb/output_urls2
	Compression:
		Duration (us): 3722622
		Throughput (GB/s): 0.288
		Compressed size: 517886598
	Decompression:
		Duration (us): 2143560
		Throughput (GB/s): 0.501
		Ratio: 2.0733
	Compression phases:
		Table generation (GB/s, us): 2.117 (507295)
		Precomputation (GB/s, us): inf (0)
		Encoding (GB/s, us): 0.334 (3214923)
		Postprocessing (GB/s, us): inf (0)
avg_symbol_2len_start_char: 0.000000,0.000000,0.000000,0.000000,0.000000,0.000000,0.000000,0.000000,0.000000,0.000000,0.000000,0.000000,0.000000,0.000000,0.000000,0.000000,0.000000,0.000000,0.000000,0.000000,0.000000,0.000000,0.000000,0.000000,0.000000,0.000000,0.000000,0.000000,0.000000,0.000000,0.000000,0.000000,0.000000,0.000000,0.000000,0.000000,0.000000,0.000000,0.000000,0.000000,0.000000,0.000000,0.000000,0.000000,0.000000,2.960938,0.949219,3.285156,3.714844,3.707031,4.070312,2.109375,1.601562,1.847656,0.765625,0.917969,0.828125,0.886719,5.105469,0.000000,0.000000,0.000000,0.000000,0.000000,0.000000,0.046875,0.000000,0.000000,0.000000,0.000000,0.003906,0.003906,0.000000,0.000000,0.000000,0.000000,0.000000,0.015625,0.000000,0.000000,0.000000,0.000000,0.000000,0.000000,2.757812,0.000000,0.000000,0.003906,0.000000,0.000000,0.000000,0.000000,0.000000,0.000000,0.000000,0.089844,0.000000,5.187500,0.003906,3.105469,0.777344,4.093750,0.000000,0.933594,0.679688,2.500000,0.003906,0.054688,3.417969,1.632812,1.863281,2.585938,0.230469,0.828125,2.488281,3.257812,1.546875,1.703125,1.042969,1.031250,0.000000,0.039062,0.000000,0.000000,0.000000,0.000000,0.000000,0.000000,0.000000,0.000000,0.000000,0.000000,0.000000,0.000000,0.000000,0.000000,0.000000,0.000000,0.000000,0.000000,0.000000,0.000000,0.000000,0.000000,0.000000,0.000000,0.000000,0.000000,0.000000,0.000000,0.000000,0.000000,0.000000,0.000000,0.000000,0.000000,0.000000,0.000000,0.000000,0.000000,0.000000,0.000000,0.000000,0.000000,0.000000,0.000000,0.000000,0.000000,0.000000,0.000000,0.000000,0.000000,0.000000,0.000000,0.000000,0.000000,0.000000,0.000000,0.000000,0.000000,0.000000,0.000000,0.000000,0.000000,0.000000,0.000000,0.000000,0.000000,0.000000,0.000000,0.000000,0.000000,0.000000,0.000000,0.000000,0.000000,0.000000,0.000000,0.000000,0.000000,0.000000,0.000000,0.000000,0.000000,0.000000,0.000000,0.000000,0.000000,0.000000,0.000000,0.000000,0.000000,0.000000,0.000000,0.000000,0.000000,0.000000,0.000000,0.000000,0.000000,0.000000,0.000000,0.000000,0.000000,0.058594,0.011719,0.000000,0.000000,0.000000,0.000000,0.000000,0.000000,0.000000,0.000000,0.000000,0.000000,0.000000,0.000000,0.000000,0.000000,0.000000,0.000000,0.000000,0.000000,0.000000,0.000000,0.000000,0.000000,0.000000,0.000000,0.000000,0.000000,0.000000,0.000000,0.000000,
avg_symbol_len: 85.085938,74.750000,18.988281,9.480469,20.894531,6.199219,6.765625,29.000000,
avg_symbol_cnt: 251.164062
avg_hashtable_usage: 91.328125
avg_shortcodes_usage: 159.835938
max_2len_start_chars: 30
avg_2len_start_chars: 29.539062
max_2len_combinations: 9
avg_2len_combinations: 2.535622
0.418
Cycles (1) completed. Stats:
	Parameters:
		Block size: 4194304
		Input size: 1073741824
		Effective table size: 4194304
		File name: ../../thesis-testing/dbtext-inflated-1gb/output_urls
	Compression:
		Duration (us): 2937325
		Throughput (GB/s): 0.366
		Compressed size: 440342688
	Decompression:
		Duration (us): 1553397
		Throughput (GB/s): 0.691
		Ratio: 2.4384
	Compression phases:
		Table generation (GB/s, us): 2.904 (369790)
		Precomputation (GB/s, us): inf (0)
		Encoding (GB/s, us): 0.418 (2567142)
		Postprocessing (GB/s, us): inf (0)
avg_symbol_2len_start_char: 0.000000,0.000000,0.000000,0.000000,0.000000,0.000000,0.000000,0.000000,0.000000,0.000000,0.000000,0.000000,0.000000,0.000000,0.000000,0.000000,0.000000,0.000000,0.000000,0.000000,0.000000,0.000000,0.000000,0.000000,0.000000,0.000000,0.000000,0.000000,0.000000,0.000000,0.000000,0.000000,0.000000,0.000000,0.000000,0.000000,0.000000,0.000000,0.000000,0.000000,0.000000,0.000000,0.000000,0.000000,0.000000,9.847656,0.000000,0.000000,7.964844,9.121094,7.218750,9.484375,8.832031,9.523438,8.164062,9.683594,7.996094,10.000000,0.000000,0.000000,0.000000,0.000000,0.000000,0.000000,0.000000,0.000000,0.000000,0.000000,0.000000,0.000000,0.000000,0.000000,0.000000,0.000000,0.000000,0.000000,0.000000,0.000000,0.000000,0.000000,0.000000,0.000000,0.000000,0.000000,0.000000,0.000000,0.000000,0.000000,0.000000,0.000000,0.000000,0.000000,0.000000,0.000000,0.000000,0.000000,0.000000,10.000000,10.000000,10.000000,10.000000,9.472656,9.679688,0.000000,0.000000,0.000000,0.000000,0.000000,0.000000,0.000000,0.000000,0.000000,0.000000,0.000000,0.000000,0.000000,0.000000,0.000000,0.000000,0.000000,0.000000,0.000000,0.000000,0.000000,0.000000,0.000000,0.000000,0.000000,0.000000,0.000000,0.000000,0.000000,0.000000,0.000000,0.000000,0.000000,0.000000,0.000000,0.000000,0.000000,0.000000,0.000000,0.000000,0.000000,0.000000,0.000000,0.000000,0.000000,0.000000,0.000000,0.000000,0.000000,0.000000,0.000000,0.000000,0.000000,0.000000,0.000000,0.000000,0.000000,0.000000,0.000000,0.000000,0.000000,0.000000,0.000000,0.000000,0.000000,0.000000,0.000000,0.000000,0.000000,0.000000,0.000000,0.000000,0.000000,0.000000,0.000000,0.000000,0.000000,0.000000,0.000000,0.000000,0.000000,0.000000,0.000000,0.000000,0.000000,0.000000,0.000000,0.000000,0.000000,0.000000,0.000000,0.000000,0.000000,0.000000,0.000000,0.000000,0.000000,0.000000,0.000000,0.000000,0.000000,0.000000,0.000000,0.000000,0.000000,0.000000,0.000000,0.000000,0.000000,0.000000,0.000000,0.000000,0.000000,0.000000,0.000000,0.000000,0.000000,0.000000,0.000000,0.000000,0.000000,0.000000,0.000000,0.000000,0.000000,0.000000,0.000000,0.000000,0.000000,0.000000,0.000000,0.000000,0.000000,0.000000,0.000000,0.000000,0.000000,0.000000,0.000000,0.000000,0.000000,0.000000,0.000000,0.000000,0.000000,0.000000,0.000000,0.000000,0.000000,0.000000,0.000000,0.000000,
avg_symbol_len: 19.000000,156.988281,2.777344,16.648438,0.398438,3.695312,1.031250,10.109375,
avg_symbol_cnt: 210.648438
avg_hashtable_usage: 34.660156
avg_shortcodes_usage: 175.988281
max_2len_start_chars: 17
avg_2len_start_chars: 17.000000
max_2len_combinations: 10
avg_2len_combinations: 9.234609
0.360
Cycles (1) completed. Stats:
	Parameters:
		Block size: 4194304
		Input size: 1073741824
		Effective table size: 4194304
		File name: ../../thesis-testing/dbtext-inflated-1gb/output_uuid
	Compression:
		Duration (us): 3541800
		Throughput (GB/s): 0.303
		Compressed size: 486609425
	Decompression:
		Duration (us): 1892970
		Throughput (GB/s): 0.567
		Ratio: 2.2066
	Compression phases:
		Table generation (GB/s, us): 1.923 (558470)
		Precomputation (GB/s, us): inf (0)
		Encoding (GB/s, us): 0.360 (2982913)
		Postprocessing (GB/s, us): inf (0)
avg_symbol_2len_start_char: 0.000000,0.000000,0.000000,0.000000,0.000000,0.000000,0.000000,0.000000,0.000000,0.000000,10.000000,0.000000,0.000000,0.000000,0.000000,0.000000,0.000000,0.000000,0.000000,0.000000,0.000000,0.000000,0.000000,0.000000,0.000000,0.000000,0.000000,0.000000,0.000000,0.000000,0.000000,0.000000,0.000000,0.000000,0.000000,0.000000,0.000000,0.000000,0.000000,0.000000,0.000000,0.000000,0.000000,0.000000,0.000000,0.000000,0.000000,0.000000,8.027344,10.000000,9.949219,9.988281,9.992188,9.960938,9.988281,9.992188,9.957031,9.976562,0.000000,0.000000,0.000000,0.000000,0.000000,0.000000,0.000000,9.992188,9.980469,9.980469,9.996094,9.980469,10.000000,0.000000,0.000000,0.000000,0.000000,0.000000,0.000000,0.000000,0.000000,0.000000,0.000000,0.000000,0.000000,0.000000,0.000000,0.000000,0.000000,0.000000,0.000000,0.000000,0.000000,0.000000,0.000000,0.000000,0.000000,0.000000,0.000000,0.000000,0.000000,0.000000,0.000000,0.000000,0.000000,0.000000,0.000000,0.000000,0.000000,0.000000,0.000000,0.000000,0.000000,0.000000,0.000000,0.000000,0.000000,0.000000,0.000000,0.000000,0.000000,0.000000,0.000000,0.000000,0.000000,0.000000,0.000000,0.000000,0.000000,0.000000,0.000000,0.000000,0.000000,0.000000,0.000000,0.000000,0.000000,0.000000,0.000000,0.000000,0.000000,0.000000,0.000000,0.000000,0.000000,0.000000,0.000000,0.000000,0.000000,0.000000,0.000000,0.000000,0.000000,0.000000,0.000000,0.000000,0.000000,0.000000,0.000000,0.000000,0.000000,0.000000,0.000000,0.000000,0.000000,0.000000,0.000000,0.000000,0.000000,0.000000,0.000000,0.000000,0.000000,0.000000,0.000000,0.000000,0.000000,0.000000,0.000000,0.000000,0.000000,0.000000,0.000000,0.000000,0.000000,0.000000,0.000000,0.000000,0.000000,0.000000,0.000000,0.000000,0.000000,0.000000,0.000000,0.000000,0.000000,0.000000,0.000000,0.000000,0.000000,0.000000,0.000000,0.000000,0.000000,0.000000,0.000000,0.000000,0.000000,0.000000,0.000000,0.000000,0.000000,0.000000,0.000000,0.000000,0.000000,0.000000,0.000000,0.000000,0.000000,0.000000,0.000000,0.000000,0.000000,0.000000,0.000000,0.000000,0.000000,0.000000,0.000000,0.000000,0.000000,0.000000,0.000000,0.000000,0.000000,0.000000,0.000000,0.000000,0.000000,0.000000,0.000000,0.000000,0.000000,0.000000,0.000000,0.000000,0.000000,0.000000,0.000000,0.000000,0.000000,0.000000,0.000000,0.000000,0.000000,
avg_symbol_len: 18.000000,167.761719,0.003906,0.000000,0.000000,0.000000,0.000000,0.000000,
avg_symbol_cnt: 185.765625
avg_hashtable_usage: 0.003906
avg_shortcodes_usage: 185.761719
max_2len_start_chars: 17
avg_2len_start_chars: 17.000000
max_2len_combinations: 10
avg_2len_combinations: 9.868320
0.273
Cycles (1) completed. Stats:
	Parameters:
		Block size: 4194304
		Input size: 1073741824
		Effective table size: 4194304
		File name: ../../thesis-testing/dbtext-inflated-1gb/output_hex
	Compression:
		Duration (us): 4715874
		Throughput (GB/s): 0.228
		Compressed size: 664965754
	Decompression:
		Duration (us): 2501217
		Throughput (GB/s): 0.429
		Ratio: 1.6147
	Compression phases:
		Table generation (GB/s, us): 1.380 (777854)
		Precomputation (GB/s, us): inf (0)
		Encoding (GB/s, us): 0.273 (3937647)
		Postprocessing (GB/s, us): inf (0)
		
2.8114,
3.8703,
2.3316,
2.0153,
1.5491,
1.5761,
2.0733,
2.4384,
2.2066,
1.6147,

TPC-H:  3.3408
GDelt:  2.3316
DBtext: 1.9248