avg_symbol_2len_start_char: 0.000000,0.000000,0.000000,0.000000,0.000000,0.000000,0.000000,0.000000,0.000000,0.000000,4.317797,0.000000,0.000000,0.000000,0.000000,0.000000,0.000000,0.000000,0.000000,0.000000,0.000000,0.000000,0.000000,0.000000,0.000000,0.000000,0.000000,0.000000,0.000000,0.000000,0.000000,0.000000,5.008474,0.000000,0.000000,0.000000,0.000000,0.000000,0.000000,0.000000,0.000000,0.000000,0.000000,0.000000,1.000000,0.000000,1.000000,0.000000,0.000000,0.000000,0.000000,0.000000,0.000000,0.000000,0.000000,0.000000,0.000000,0.000000,0.000000,0.000000,0.000000,0.000000,0.000000,0.000000,0.000000,0.000000,0.000000,0.000000,0.000000,0.000000,0.000000,0.000000,0.000000,0.000000,0.000000,0.000000,0.000000,0.000000,0.000000,0.000000,0.000000,0.000000,0.000000,0.000000,0.000000,0.000000,0.000000,0.000000,0.000000,0.000000,0.000000,0.000000,0.000000,0.000000,0.000000,0.000000,0.000000,2.805085,0.495763,1.258475,1.262712,2.139831,0.872881,0.343220,0.555085,2.114407,0.004237,0.016949,2.216102,0.000000,0.741525,1.156780,0.932203,0.478814,1.779661,2.847458,2.317797,0.809322,0.894068,0.025424,0.000000,1.080508,0.000000,0.000000,0.000000,0.000000,0.000000,0.000000,0.000000,0.000000,0.000000,0.000000,0.000000,0.000000,0.000000,0.000000,0.000000,0.000000,0.000000,0.000000,0.000000,0.000000,0.000000,0.000000,0.000000,0.000000,0.000000,0.000000,0.000000,0.000000,0.000000,0.000000,0.000000,0.000000,0.000000,0.000000,0.000000,0.000000,0.000000,0.000000,0.000000,0.000000,0.000000,0.000000,0.000000,0.000000,0.000000,0.000000,0.000000,0.000000,0.000000,0.000000,0.000000,0.000000,0.000000,0.000000,0.000000,0.000000,0.000000,0.000000,0.000000,0.000000,0.000000,0.000000,0.000000,0.000000,0.000000,0.000000,0.000000,0.000000,0.000000,0.000000,0.000000,0.000000,0.000000,0.000000,0.000000,0.000000,0.000000,0.000000,0.000000,0.000000,0.000000,0.000000,0.000000,0.000000,0.000000,0.000000,0.000000,0.000000,0.000000,0.000000,0.000000,0.000000,0.000000,0.000000,0.000000,0.000000,0.000000,0.000000,0.000000,0.000000,0.000000,0.000000,0.000000,0.000000,0.000000,0.000000,0.000000,0.000000,0.000000,0.000000,0.000000,0.000000,0.000000,0.000000,0.000000,0.000000,0.000000,0.000000,0.000000,0.000000,0.000000,0.000000,0.000000,0.000000,0.000000,0.000000,0.000000,0.000000,0.000000,0.000000,0.000000,0.000000,0.000000,
avg_symbol_len: 36.754238,38.474575,21.317797,14.122881,16.716103,18.233051,13.283898,33.216103,
avg_symbol_cnt: 192.118637
avg_hashtable_usage: 116.889832
avg_shortcodes_usage: 75.228813
max_2len_start_chars: 20
avg_2len_start_chars: 20.000000
max_2len_combinations: 8
avg_2len_combinations: 1.923730
0.355
Cycles (1) completed. Stats:
	Parameters:
		Block size: 4194304
		Input size: 989855744
		Effective table size: 4194304
		File name: ../../thesis-testing/lineitem-1gb/lineitem-comments-1gb-1.txt
	Compression:
		Duration (us): 3113458
		Throughput (GB/s): 0.318
		Compressed size: 380913681
	Decompression:
		Duration (us): 2300593
		Throughput (GB/s): 0.430
		Ratio: 2.5986
	Compression phases:
		Table generation (GB/s, us): 3.023 (327405)
		Precomputation (GB/s, us): inf (0)
		Encoding (GB/s, us): 0.355 (2785654)
		Postprocessing (GB/s, us): inf (0)
avg_symbol_2len_start_char: 0.000000,0.000000,0.000000,0.000000,0.000000,0.000000,0.000000,0.000000,0.000000,0.000000,1.668142,0.000000,0.000000,0.000000,0.000000,0.000000,0.000000,0.000000,0.000000,0.000000,0.000000,0.000000,0.000000,0.000000,0.000000,0.000000,0.000000,0.000000,0.000000,0.000000,0.000000,0.000000,0.000000,0.000000,0.000000,0.106195,0.000000,0.000000,0.000000,0.000000,0.000000,0.000000,0.000000,0.000000,0.000000,0.000000,0.000000,0.000000,7.446903,7.066372,6.960177,7.132743,6.800885,6.955752,6.915929,7.309734,7.106194,7.451327,0.000000,0.000000,0.000000,0.000000,0.000000,0.000000,0.000000,0.000000,0.000000,0.061947,0.000000,0.000000,0.000000,0.000000,0.000000,0.000000,0.000000,0.000000,0.000000,0.000000,0.000000,0.000000,0.000000,0.000000,0.000000,0.000000,0.000000,0.000000,0.000000,0.000000,0.000000,0.000000,0.000000,0.000000,0.000000,0.000000,0.000000,0.000000,0.000000,0.000000,0.000000,0.000000,0.000000,0.314159,0.000000,0.000000,0.000000,0.000000,0.000000,0.000000,0.000000,1.371681,0.000000,0.053097,0.000000,0.000000,1.460177,0.190265,1.495575,1.376106,0.000000,0.000000,0.000000,0.000000,0.000000,0.000000,0.000000,0.000000,0.000000,0.000000,0.000000,0.000000,0.000000,0.000000,0.000000,0.000000,0.000000,0.000000,0.000000,0.000000,0.000000,0.000000,0.000000,0.000000,0.000000,0.000000,0.000000,0.000000,0.000000,0.000000,0.000000,0.000000,0.000000,0.000000,0.000000,0.000000,0.000000,0.000000,0.000000,0.000000,0.000000,0.000000,0.000000,0.000000,0.000000,0.000000,0.000000,0.000000,0.000000,0.000000,0.000000,0.000000,0.000000,0.000000,0.000000,0.000000,0.000000,0.000000,0.000000,0.000000,0.000000,0.000000,0.000000,0.000000,0.000000,0.000000,0.000000,0.000000,0.000000,0.000000,0.000000,0.000000,0.000000,0.000000,0.000000,0.000000,0.000000,0.000000,0.000000,0.000000,0.000000,0.000000,0.000000,0.000000,0.000000,0.000000,0.000000,0.000000,0.000000,0.000000,0.000000,0.000000,0.000000,0.000000,0.000000,0.000000,0.000000,0.000000,0.000000,0.000000,0.000000,0.000000,0.000000,0.000000,0.000000,0.000000,0.000000,0.000000,0.000000,0.000000,0.000000,0.000000,0.000000,0.000000,0.000000,0.000000,0.000000,0.000000,0.000000,0.000000,0.000000,0.000000,0.000000,0.000000,0.000000,0.000000,0.000000,0.000000,0.000000,0.000000,0.000000,0.000000,0.000000,0.000000,0.000000,0.000000,0.000000,
avg_symbol_len: 20.663717,79.243362,23.336283,17.194691,14.871681,24.376106,1.084071,42.464603,
avg_symbol_cnt: 223.234512
avg_hashtable_usage: 123.327431
avg_shortcodes_usage: 99.907082
max_2len_start_chars: 19
avg_2len_start_chars: 15.101769
max_2len_combinations: 8
avg_2len_combinations: 5.271064
0.713
Cycles (1) completed. Stats:
	Parameters:
		Block size: 4194304
		Input size: 947912704
		Effective table size: 4194304
		File name: ../../thesis-testing/customer-1gb/customer-id-1gb-1.txt
	Compression:
		Duration (us): 1546176
		Throughput (GB/s): 0.613
		Compressed size: 248590271
	Decompression:
		Duration (us): 747584
		Throughput (GB/s): 1.268
		Ratio: 3.8132
	Compression phases:
		Table generation (GB/s, us): 4.388 (216026)
		Precomputation (GB/s, us): inf (0)
		Encoding (GB/s, us): 0.713 (1329822)
		Postprocessing (GB/s, us): inf (0)


avg_symbol_2len_start_char: 0.000000,0.000000,0.000000,0.000000,0.000000,0.000000,0.000000,0.000000,0.000000,0.000000,1.671875,0.000000,0.000000,0.000000,0.000000,0.000000,0.000000,0.000000,0.000000,0.000000,0.000000,0.000000,0.000000,0.000000,0.000000,0.000000,0.000000,0.000000,0.000000,0.000000,0.000000,0.000000,0.898438,0.000000,0.000000,0.000000,0.000000,0.000000,0.000000,0.011719,0.000000,0.007812,0.000000,0.000000,1.000000,0.011719,0.000000,0.000000,0.000000,0.000000,0.000000,0.000000,0.000000,0.000000,0.000000,0.000000,0.000000,0.000000,0.000000,0.000000,0.000000,0.000000,0.000000,0.000000,0.000000,0.132812,0.613281,0.585938,0.007812,0.019531,0.019531,0.121094,0.000000,0.164062,0.359375,0.335938,0.253906,0.812500,0.207031,0.000000,0.035156,0.027344,0.000000,0.125000,0.210938,0.011719,0.000000,0.046875,0.000000,0.003906,0.027344,0.000000,0.000000,0.000000,0.000000,0.000000,0.000000,3.859375,0.464844,0.769531,0.828125,3.261719,0.003906,0.351562,1.500000,2.289062,0.179688,0.511719,1.531250,0.339844,1.437500,3.273438,0.062500,0.003906,1.921875,0.570312,1.640625,0.843750,0.082031,0.351562,0.000000,0.539062,0.000000,0.000000,0.000000,0.000000,0.000000,0.000000,0.000000,0.000000,0.000000,0.000000,0.000000,0.000000,0.000000,0.000000,0.000000,0.000000,0.000000,0.000000,0.000000,0.000000,0.000000,0.000000,0.000000,0.000000,0.000000,0.000000,0.000000,0.000000,0.000000,0.000000,0.000000,0.000000,0.000000,0.000000,0.000000,0.000000,0.000000,0.000000,0.000000,0.000000,0.000000,0.000000,0.000000,0.000000,0.000000,0.000000,0.000000,0.000000,0.000000,0.000000,0.000000,0.000000,0.000000,0.000000,0.000000,0.000000,0.000000,0.000000,0.000000,0.000000,0.000000,0.000000,0.000000,0.000000,0.000000,0.000000,0.000000,0.000000,0.000000,0.000000,0.000000,0.000000,0.000000,0.000000,0.000000,0.000000,0.000000,0.000000,0.000000,0.000000,0.000000,0.000000,0.000000,0.000000,0.000000,0.000000,0.000000,0.000000,0.000000,0.000000,0.000000,0.000000,0.000000,0.000000,0.000000,0.000000,0.000000,0.000000,0.000000,0.000000,0.000000,0.000000,0.000000,0.000000,0.000000,0.000000,0.000000,0.000000,0.000000,0.000000,0.000000,0.000000,0.000000,0.000000,0.000000,0.000000,0.000000,0.000000,0.000000,0.000000,0.000000,0.000000,0.000000,0.000000,0.000000,0.000000,0.000000,0.000000,0.000000,0.000000,0.000000,0.000000,0.000000,
avg_symbol_len: 63.000000,34.339844,21.207031,13.171875,14.964844,13.675781,9.921875,26.914062,
avg_symbol_cnt: 197.195312
avg_hashtable_usage: 99.855469
avg_shortcodes_usage: 97.339844
max_2len_start_chars: 20
avg_2len_start_chars: 20.000000
max_2len_combinations: 7
avg_2len_combinations: 1.716992
0.458
Cycles (1) completed. Stats:
	Parameters:
		Block size: 4194304
		Input size: 1073741824
		Effective table size: 4194304
		File name: ../../thesis-testing/gdelt-locations-inflated-1gb/output_locations.txt
	Compression:
		Duration (us): 2624407
		Throughput (GB/s): 0.409
		Compressed size: 483459103
	Decompression:
		Duration (us): 1013557
		Throughput (GB/s): 1.059
		Ratio: 2.2210
	Compression phases:
		Table generation (GB/s, us): 3.847 (279130)
		Precomputation (GB/s, us): inf (0)
		Encoding (GB/s, us): 0.458 (2344877)
		Postprocessing (GB/s, us): inf (0)


avg_symbol_2len_start_char: 0.000000,0.000000,0.000000,0.000000,0.000000,0.000000,0.000000,0.000000,0.000000,0.000000,0.179688,0.000000,0.000000,0.000000,0.000000,0.000000,0.000000,0.000000,0.000000,0.000000,0.000000,0.000000,0.000000,0.000000,0.000000,0.000000,0.000000,0.000000,0.000000,0.000000,0.000000,0.000000,0.000000,0.000000,0.000000,0.000000,0.000000,0.000000,0.000000,0.000000,0.000000,0.000000,0.000000,0.000000,0.000000,0.000000,0.945312,0.000000,0.011719,0.074219,0.039062,0.000000,0.000000,0.003906,0.003906,0.007812,0.007812,0.007812,0.000000,0.000000,0.000000,0.000000,0.000000,0.000000,0.074219,0.000000,0.000000,0.000000,0.000000,0.000000,0.000000,0.000000,0.000000,0.000000,0.000000,0.000000,0.000000,0.000000,0.000000,0.000000,0.000000,0.000000,0.000000,0.000000,0.000000,0.000000,0.000000,0.000000,0.000000,0.000000,0.000000,0.000000,0.000000,0.000000,0.000000,0.000000,0.000000,2.644531,1.691406,2.941406,2.539062,2.812500,0.261719,0.585938,1.578125,1.937500,0.175781,1.191406,4.464844,4.042969,3.210938,2.191406,0.835938,0.000000,4.050781,2.910156,3.093750,0.882812,1.085938,0.117188,0.000000,0.742188,0.000000,0.000000,0.000000,0.000000,0.000000,0.000000,0.000000,0.000000,0.000000,0.000000,0.000000,0.000000,0.000000,0.000000,0.000000,0.000000,0.000000,0.000000,0.000000,0.000000,0.000000,0.000000,0.000000,0.000000,0.000000,0.000000,0.000000,0.000000,0.000000,0.000000,0.000000,0.000000,0.000000,0.000000,0.000000,0.000000,0.000000,0.000000,0.000000,0.000000,0.000000,0.000000,0.000000,0.000000,0.000000,0.000000,0.000000,0.000000,0.000000,0.000000,0.000000,0.000000,0.000000,0.000000,0.000000,0.000000,0.000000,0.000000,0.000000,0.000000,0.000000,0.000000,0.000000,0.000000,0.000000,0.000000,0.000000,0.000000,0.000000,0.000000,0.000000,0.000000,0.000000,0.000000,0.000000,0.000000,0.000000,0.000000,0.000000,0.000000,0.000000,0.000000,0.000000,0.000000,0.000000,0.000000,0.000000,0.000000,0.000000,0.000000,0.000000,0.000000,0.000000,0.000000,0.000000,0.000000,0.000000,0.000000,0.000000,0.000000,0.000000,0.000000,0.000000,0.000000,0.000000,0.000000,0.000000,0.000000,0.000000,0.000000,0.000000,0.000000,0.000000,0.000000,0.000000,0.000000,0.000000,0.000000,0.000000,0.000000,0.000000,0.000000,0.000000,0.000000,0.000000,0.000000,0.000000,0.000000,0.000000,0.000000,0.000000,0.000000,0.000000,
avg_symbol_len: 42.222656,47.343750,19.496094,4.871094,6.875000,9.253906,3.343750,24.187500,
avg_symbol_cnt: 157.593750
avg_hashtable_usage: 68.027344
avg_shortcodes_usage: 89.566406
max_2len_start_chars: 20
avg_2len_start_chars: 20.000000
max_2len_combinations: 7
avg_2len_combinations: 2.367187
0.305
Cycles (1) completed. Stats:
	Parameters:
		Block size: 4194304
		Input size: 1073741824
		Effective table size: 4194304
		File name: ../../thesis-testing/dbtext-inflated-1gb/output_email
	Compression:
		Duration (us): 4109449
		Throughput (GB/s): 0.261
		Compressed size: 592702574
	Decompression:
		Duration (us): 2329261
		Throughput (GB/s): 0.461
		Ratio: 1.8116
	Compression phases:
		Table generation (GB/s, us): 1.842 (582793)
		Precomputation (GB/s, us): inf (0)
		Encoding (GB/s, us): 0.305 (3526210)
		Postprocessing (GB/s, us): inf (0)
avg_symbol_2len_start_char: 0.000000,0.000000,0.000000,0.000000,0.000000,0.000000,0.000000,0.000000,0.000000,0.000000,1.515625,0.000000,0.000000,0.000000,0.000000,0.000000,0.000000,0.000000,0.000000,0.000000,0.000000,0.000000,0.000000,0.000000,0.000000,0.000000,0.000000,0.000000,0.000000,0.000000,0.000000,0.000000,0.000000,0.000000,0.000000,0.000000,0.000000,0.000000,0.000000,0.000000,0.000000,1.000000,0.000000,0.000000,1.000000,0.000000,0.121094,0.000000,0.000000,0.007812,0.000000,0.000000,0.000000,0.000000,0.000000,0.000000,0.000000,0.000000,0.000000,0.000000,0.000000,0.000000,0.000000,0.000000,0.000000,0.000000,0.003906,0.105469,0.000000,0.000000,0.000000,0.000000,0.003906,0.000000,0.003906,0.000000,0.000000,0.210938,0.000000,0.000000,0.003906,0.000000,0.000000,0.003906,0.000000,0.000000,0.000000,0.003906,0.000000,0.000000,0.000000,0.000000,0.000000,0.000000,0.000000,2.320312,0.000000,6.484375,0.132812,1.277344,1.867188,5.222656,0.000000,0.445312,1.695312,4.191406,0.000000,0.093750,3.441406,0.636719,4.292969,3.902344,0.023438,0.000000,4.281250,3.386719,2.839844,2.250000,0.519531,0.042969,0.000000,1.855469,0.000000,0.000000,0.000000,0.000000,0.000000,0.000000,0.000000,0.000000,0.000000,0.000000,0.000000,0.000000,0.000000,0.000000,0.000000,0.000000,0.000000,0.000000,0.000000,0.000000,0.000000,0.000000,0.000000,0.000000,0.000000,0.000000,0.000000,0.000000,0.000000,0.000000,0.000000,0.000000,0.000000,0.000000,0.000000,0.000000,0.000000,0.000000,0.000000,0.000000,0.000000,0.000000,0.000000,0.000000,0.000000,0.000000,0.000000,0.000000,0.000000,0.000000,0.000000,0.000000,0.000000,0.000000,0.000000,0.000000,0.000000,0.000000,0.000000,0.000000,0.000000,0.000000,0.000000,0.000000,0.000000,0.000000,0.000000,0.000000,0.000000,0.000000,0.000000,0.000000,0.000000,0.000000,0.000000,0.000000,0.000000,0.000000,0.000000,0.000000,0.000000,0.000000,0.000000,0.000000,0.000000,0.000000,0.000000,0.000000,0.000000,0.000000,0.000000,0.000000,0.000000,0.000000,0.000000,0.000000,0.000000,0.000000,0.000000,0.000000,0.000000,0.000000,0.000000,0.000000,0.000000,0.000000,0.000000,0.000000,0.000000,0.000000,0.000000,0.000000,0.000000,0.000000,0.000000,0.000000,0.000000,0.000000,0.000000,0.000000,0.000000,0.000000,0.000000,0.000000,0.000000,0.000000,0.000000,0.000000,0.000000,0.000000,0.000000,0.000000,0.000000,
avg_symbol_len: 112.324219,55.187500,31.710938,4.113281,2.847656,1.062500,0.890625,0.339844,
avg_symbol_cnt: 208.476562
avg_hashtable_usage: 40.964844
avg_shortcodes_usage: 167.511719
max_2len_start_chars: 20
avg_2len_start_chars: 20.000000
max_2len_combinations: 8
avg_2len_combinations: 2.759375
0.243
Cycles (1) completed. Stats:
	Parameters:
		Block size: 4194304
		Input size: 1073741824
		Effective table size: 4194304
		File name: ../../thesis-testing/dbtext-inflated-1gb/output_yago
	Compression:
		Duration (us): 5109468
		Throughput (GB/s): 0.210
		Compressed size: 775893660
	Decompression:
		Duration (us): 2654042
		Throughput (GB/s): 0.405
		Ratio: 1.3839
	Compression phases:
		Table generation (GB/s, us): 1.555 (690621)
		Precomputation (GB/s, us): inf (0)
		Encoding (GB/s, us): 0.243 (4418382)
		Postprocessing (GB/s, us): inf (0)
avg_symbol_2len_start_char: 0.000000,0.000000,0.000000,0.000000,0.000000,0.000000,0.000000,0.000000,0.000000,0.000000,1.320312,0.000000,0.000000,0.000000,0.000000,0.000000,0.000000,0.000000,0.000000,0.000000,0.000000,0.000000,0.000000,0.000000,0.000000,0.000000,0.000000,0.000000,0.000000,0.000000,0.000000,0.000000,0.000000,0.000000,0.000000,0.000000,0.000000,0.000000,0.000000,0.000000,0.000000,1.000000,0.000000,0.000000,0.980469,0.000000,0.007812,0.000000,0.000000,0.050781,0.023438,0.000000,0.000000,0.000000,0.000000,0.000000,0.000000,0.000000,0.000000,0.000000,0.000000,0.000000,0.000000,0.000000,0.000000,0.000000,0.000000,0.039062,0.000000,0.000000,0.000000,0.000000,0.000000,0.000000,0.000000,0.000000,0.003906,0.007812,0.000000,0.000000,0.000000,0.000000,0.000000,0.000000,0.000000,0.000000,0.000000,0.000000,0.000000,0.000000,0.000000,0.000000,0.000000,0.000000,0.000000,1.300781,0.000000,5.375000,0.089844,1.957031,2.250000,4.226562,0.015625,0.371094,1.195312,3.796875,0.000000,0.011719,3.203125,0.707031,3.378906,3.054688,0.312500,0.000000,4.207031,3.554688,3.175781,1.980469,1.085938,0.000000,0.000000,1.285156,0.000000,0.000000,0.000000,0.000000,0.000000,0.000000,0.000000,0.000000,0.000000,0.000000,0.000000,0.000000,0.000000,0.000000,0.000000,0.000000,0.000000,0.000000,0.000000,0.000000,0.000000,0.000000,0.000000,0.000000,0.000000,0.000000,0.000000,0.000000,0.000000,0.000000,0.000000,0.000000,0.000000,0.000000,0.000000,0.000000,0.000000,0.000000,0.000000,0.000000,0.000000,0.000000,0.000000,0.000000,0.000000,0.000000,0.000000,0.000000,0.000000,0.000000,0.000000,0.000000,0.000000,0.000000,0.000000,0.000000,0.000000,0.000000,0.000000,0.000000,0.000000,0.000000,0.000000,0.000000,0.000000,0.000000,0.000000,0.000000,0.000000,0.000000,0.000000,0.000000,0.000000,0.000000,0.000000,0.000000,0.000000,0.000000,0.000000,0.000000,0.000000,0.000000,0.000000,0.000000,0.000000,0.000000,0.000000,0.000000,0.000000,0.000000,0.000000,0.000000,0.000000,0.000000,0.000000,0.000000,0.000000,0.000000,0.000000,0.000000,0.000000,0.000000,0.000000,0.000000,0.000000,0.000000,0.000000,0.000000,0.000000,0.000000,0.000000,0.000000,0.000000,0.000000,0.000000,0.000000,0.000000,0.000000,0.000000,0.000000,0.000000,0.000000,0.000000,0.000000,0.000000,0.000000,0.000000,0.000000,0.000000,0.000000,0.000000,0.000000,0.000000,
avg_symbol_len: 116.039062,49.968750,27.738281,6.480469,6.410156,1.382812,2.234375,4.601562,
avg_symbol_cnt: 214.855469
avg_hashtable_usage: 48.847656
avg_shortcodes_usage: 166.007812
max_2len_start_chars: 20
avg_2len_start_chars: 20.000000
max_2len_combinations: 8
avg_2len_combinations: 2.498438
0.250
Cycles (1) completed. Stats:
	Parameters:
		Block size: 4194304
		Input size: 1073741824
		Effective table size: 4194304
		File name: ../../thesis-testing/dbtext-inflated-1gb/output_wiki
	Compression:
		Duration (us): 4980464
		Throughput (GB/s): 0.216
		Compressed size: 762837266
	Decompression:
		Duration (us): 2550016
		Throughput (GB/s): 0.421
		Ratio: 1.4076
	Compression phases:
		Table generation (GB/s, us): 1.579 (679829)
		Precomputation (GB/s, us): inf (0)
		Encoding (GB/s, us): 0.250 (4300164)
		Postprocessing (GB/s, us): inf (0)
avg_symbol_2len_start_char: 0.000000,0.000000,0.000000,0.000000,0.000000,0.000000,0.000000,0.000000,0.000000,0.000000,0.000000,0.000000,0.000000,0.000000,0.000000,0.000000,0.000000,0.000000,0.000000,0.000000,0.000000,0.000000,0.000000,0.000000,0.000000,0.000000,0.000000,0.000000,0.000000,0.000000,0.000000,0.000000,0.000000,0.000000,0.000000,0.000000,0.000000,0.011719,0.003906,0.000000,0.000000,0.000000,0.000000,0.000000,0.007812,0.070312,0.218750,0.550781,0.214844,0.371094,0.261719,0.000000,0.000000,0.000000,0.000000,0.000000,0.000000,0.000000,0.000000,0.000000,0.000000,0.003906,0.000000,0.000000,0.000000,0.000000,0.000000,0.000000,0.000000,0.000000,0.000000,0.000000,0.000000,0.000000,0.000000,0.000000,0.000000,0.011719,0.000000,0.000000,0.000000,0.000000,0.000000,0.000000,0.000000,0.000000,0.000000,0.000000,0.000000,0.000000,0.000000,0.000000,0.000000,0.000000,0.000000,0.632812,0.000000,5.191406,1.097656,3.531250,2.117188,4.125000,0.289062,1.218750,1.460938,4.367188,0.000000,0.054688,3.480469,2.042969,3.015625,2.851562,1.148438,0.000000,3.968750,4.675781,3.593750,2.414062,1.281250,0.195312,0.000000,0.187500,0.000000,0.000000,0.000000,0.000000,0.000000,0.000000,0.000000,0.000000,0.000000,0.000000,0.000000,0.000000,0.000000,0.000000,0.000000,0.000000,0.000000,0.000000,0.000000,0.000000,0.000000,0.000000,0.000000,0.000000,0.000000,0.000000,0.000000,0.000000,0.000000,0.000000,0.000000,0.000000,0.000000,0.000000,0.000000,0.000000,0.000000,0.000000,0.000000,0.000000,0.000000,0.000000,0.000000,0.000000,0.000000,0.000000,0.000000,0.000000,0.000000,0.000000,0.000000,0.000000,0.000000,0.000000,0.000000,0.000000,0.000000,0.000000,0.000000,0.000000,0.000000,0.000000,0.000000,0.000000,0.000000,0.000000,0.000000,0.000000,0.000000,0.000000,0.000000,0.000000,0.000000,0.000000,0.000000,0.000000,0.000000,0.000000,0.000000,0.000000,0.000000,0.000000,0.000000,0.000000,0.000000,0.000000,0.000000,0.000000,0.000000,0.000000,0.000000,0.000000,0.000000,0.000000,0.000000,0.000000,0.000000,0.000000,0.000000,0.000000,0.000000,0.000000,0.000000,0.000000,0.000000,0.000000,0.000000,0.000000,0.000000,0.000000,0.000000,0.000000,0.000000,0.000000,0.000000,0.000000,0.000000,0.000000,0.000000,0.000000,0.000000,0.000000,0.000000,0.000000,0.000000,0.000000,0.000000,0.000000,0.000000,0.000000,0.000000,0.000000,0.000000,
avg_symbol_len: 80.179688,54.667969,17.250000,6.746094,12.281250,3.992188,6.851562,22.839844,
avg_symbol_cnt: 204.808594
avg_hashtable_usage: 69.960938
avg_shortcodes_usage: 134.847656
max_2len_start_chars: 20
avg_2len_start_chars: 20.000000
max_2len_combinations: 8
avg_2len_combinations: 2.733399
0.333
Cycles (1) completed. Stats:
	Parameters:
		Block size: 4194304
		Input size: 1073741824
		Effective table size: 4194304
		File name: ../../thesis-testing/dbtext-inflated-1gb/output_urls2
	Compression:
		Duration (us): 3735645
		Throughput (GB/s): 0.287
		Compressed size: 552203028
	Decompression:
		Duration (us): 2021708
		Throughput (GB/s): 0.531
		Ratio: 1.9445
	Compression phases:
		Table generation (GB/s, us): 2.092 (513206)
		Precomputation (GB/s, us): inf (0)
		Encoding (GB/s, us): 0.333 (3221978)
		Postprocessing (GB/s, us): inf (0)
avg_symbol_2len_start_char: 0.000000,0.000000,0.000000,0.000000,0.000000,0.000000,0.000000,0.000000,0.000000,0.000000,0.000000,0.000000,0.000000,0.000000,0.000000,0.000000,0.000000,0.000000,0.000000,0.000000,0.000000,0.000000,0.000000,0.000000,0.000000,0.000000,0.000000,0.000000,0.000000,0.000000,0.000000,0.000000,0.000000,0.000000,0.000000,0.000000,0.000000,0.000000,0.000000,0.000000,0.000000,0.000000,0.000000,0.000000,0.000000,2.484375,0.375000,1.597656,1.242188,1.082031,1.441406,0.968750,0.382812,0.378906,0.140625,0.226562,0.210938,0.296875,1.246094,0.000000,0.000000,0.000000,0.000000,0.000000,0.000000,0.011719,0.000000,0.000000,0.000000,0.000000,0.000000,0.000000,0.000000,0.000000,0.000000,0.000000,0.000000,0.003906,0.000000,0.000000,0.000000,0.000000,0.000000,0.000000,2.085938,0.000000,0.000000,0.000000,0.000000,0.000000,0.000000,0.000000,0.000000,0.000000,0.000000,0.019531,0.000000,3.089844,0.000000,1.707031,0.457031,2.636719,0.000000,0.203125,0.167969,1.687500,0.000000,0.007812,1.546875,1.039062,0.339844,1.898438,0.023438,0.582031,0.691406,1.457031,0.324219,1.039062,0.585938,0.156250,0.000000,0.000000,0.000000,0.000000,0.000000,0.000000,0.000000,0.000000,0.000000,0.000000,0.000000,0.000000,0.000000,0.000000,0.000000,0.000000,0.000000,0.000000,0.000000,0.000000,0.000000,0.000000,0.000000,0.000000,0.000000,0.000000,0.000000,0.000000,0.000000,0.000000,0.000000,0.000000,0.000000,0.000000,0.000000,0.000000,0.000000,0.000000,0.000000,0.000000,0.000000,0.000000,0.000000,0.000000,0.000000,0.000000,0.000000,0.000000,0.000000,0.000000,0.000000,0.000000,0.000000,0.000000,0.000000,0.000000,0.000000,0.000000,0.000000,0.000000,0.000000,0.000000,0.000000,0.000000,0.000000,0.000000,0.000000,0.000000,0.000000,0.000000,0.000000,0.000000,0.000000,0.000000,0.000000,0.000000,0.000000,0.000000,0.000000,0.000000,0.000000,0.000000,0.000000,0.000000,0.000000,0.000000,0.000000,0.000000,0.000000,0.000000,0.000000,0.000000,0.000000,0.000000,0.000000,0.000000,0.000000,0.000000,0.000000,0.000000,0.000000,0.000000,0.000000,0.000000,0.031250,0.003906,0.000000,0.000000,0.000000,0.000000,0.000000,0.000000,0.000000,0.000000,0.000000,0.000000,0.000000,0.000000,0.000000,0.000000,0.000000,0.000000,0.000000,0.000000,0.000000,0.000000,0.000000,0.000000,0.000000,0.000000,0.000000,0.000000,0.000000,0.000000,0.000000,
avg_symbol_len: 98.367188,33.871094,19.300781,9.679688,20.941406,6.250000,6.765625,29.003906,
avg_symbol_cnt: 224.179688
avg_hashtable_usage: 91.941406
avg_shortcodes_usage: 132.238281
max_2len_start_chars: 20
avg_2len_start_chars: 20.000000
max_2len_combinations: 7
avg_2len_combinations: 1.693554
0.407
Cycles (1) completed. Stats:
	Parameters:
		Block size: 4194304
		Input size: 1073741824
		Effective table size: 4194304
		File name: ../../thesis-testing/dbtext-inflated-1gb/output_urls
	Compression:
		Duration (us): 3017679
		Throughput (GB/s): 0.356
		Compressed size: 466232657
	Decompression:
		Duration (us): 1494463
		Throughput (GB/s): 0.718
		Ratio: 2.3030
	Compression phases:
		Table generation (GB/s, us): 2.831 (379217)
		Precomputation (GB/s, us): inf (0)
		Encoding (GB/s, us): 0.407 (2637984)
		Postprocessing (GB/s, us): inf (0)
avg_symbol_2len_start_char: 0.000000,0.000000,0.000000,0.000000,0.000000,0.000000,0.000000,0.000000,0.000000,0.000000,0.000000,0.000000,0.000000,0.000000,0.000000,0.000000,0.000000,0.000000,0.000000,0.000000,0.000000,0.000000,0.000000,0.000000,0.000000,0.000000,0.000000,0.000000,0.000000,0.000000,0.000000,0.000000,0.000000,0.000000,0.000000,0.000000,0.000000,0.000000,0.000000,0.000000,0.000000,0.000000,0.000000,0.000000,0.000000,7.992188,0.000000,0.000000,7.160156,7.710938,6.632812,7.886719,7.625000,7.902344,7.285156,7.929688,7.226562,8.000000,0.000000,0.000000,0.000000,0.000000,0.000000,0.000000,0.000000,0.000000,0.000000,0.000000,0.000000,0.000000,0.000000,0.000000,0.000000,0.000000,0.000000,0.000000,0.000000,0.000000,0.000000,0.000000,0.000000,0.000000,0.000000,0.000000,0.000000,0.000000,0.000000,0.000000,0.000000,0.000000,0.000000,0.000000,0.000000,0.000000,0.000000,0.000000,0.000000,8.000000,8.000000,8.000000,8.000000,7.917969,7.957031,0.000000,0.000000,0.000000,0.000000,0.000000,0.000000,0.000000,0.000000,0.000000,0.000000,0.000000,0.000000,0.000000,0.000000,0.000000,0.000000,0.000000,0.000000,0.000000,0.000000,0.000000,0.000000,0.000000,0.000000,0.000000,0.000000,0.000000,0.000000,0.000000,0.000000,0.000000,0.000000,0.000000,0.000000,0.000000,0.000000,0.000000,0.000000,0.000000,0.000000,0.000000,0.000000,0.000000,0.000000,0.000000,0.000000,0.000000,0.000000,0.000000,0.000000,0.000000,0.000000,0.000000,0.000000,0.000000,0.000000,0.000000,0.000000,0.000000,0.000000,0.000000,0.000000,0.000000,0.000000,0.000000,0.000000,0.000000,0.000000,0.000000,0.000000,0.000000,0.000000,0.000000,0.000000,0.000000,0.000000,0.000000,0.000000,0.000000,0.000000,0.000000,0.000000,0.000000,0.000000,0.000000,0.000000,0.000000,0.000000,0.000000,0.000000,0.000000,0.000000,0.000000,0.000000,0.000000,0.000000,0.000000,0.000000,0.000000,0.000000,0.000000,0.000000,0.000000,0.000000,0.000000,0.000000,0.000000,0.000000,0.000000,0.000000,0.000000,0.000000,0.000000,0.000000,0.000000,0.000000,0.000000,0.000000,0.000000,0.000000,0.000000,0.000000,0.000000,0.000000,0.000000,0.000000,0.000000,0.000000,0.000000,0.000000,0.000000,0.000000,0.000000,0.000000,0.000000,0.000000,0.000000,0.000000,0.000000,0.000000,0.000000,0.000000,0.000000,0.000000,0.000000,0.000000,0.000000,0.000000,0.000000,0.000000,0.000000,0.000000,
avg_symbol_len: 19.000000,131.226562,2.777344,16.648438,0.398438,3.695312,1.031250,10.109375,
avg_symbol_cnt: 184.886719
avg_hashtable_usage: 34.660156
avg_shortcodes_usage: 150.226562
max_2len_start_chars: 17
avg_2len_start_chars: 17.000000
max_2len_combinations: 8
avg_2len_combinations: 7.719202
0.333
Cycles (1) completed. Stats:
	Parameters:
		Block size: 4194304
		Input size: 1073741824
		Effective table size: 4194304
		File name: ../../thesis-testing/dbtext-inflated-1gb/output_uuid
	Compression:
		Duration (us): 3788525
		Throughput (GB/s): 0.283
		Compressed size: 511314400
	Decompression:
		Duration (us): 2114686
		Throughput (GB/s): 0.508
		Ratio: 2.1000
	Compression phases:
		Table generation (GB/s, us): 1.892 (567384)
		Precomputation (GB/s, us): inf (0)
		Encoding (GB/s, us): 0.333 (3220728)
		Postprocessing (GB/s, us): inf (0)
avg_symbol_2len_start_char: 0.000000,0.000000,0.000000,0.000000,0.000000,0.000000,0.000000,0.000000,0.000000,0.000000,8.000000,0.000000,0.000000,0.000000,0.000000,0.000000,0.000000,0.000000,0.000000,0.000000,0.000000,0.000000,0.000000,0.000000,0.000000,0.000000,0.000000,0.000000,0.000000,0.000000,0.000000,0.000000,0.000000,0.000000,0.000000,0.000000,0.000000,0.000000,0.000000,0.000000,0.000000,0.000000,0.000000,0.000000,0.000000,0.000000,0.000000,0.000000,7.261719,8.000000,7.996094,8.000000,8.000000,7.996094,8.000000,8.000000,7.996094,7.996094,0.000000,0.000000,0.000000,0.000000,0.000000,0.000000,0.000000,8.000000,8.000000,7.996094,8.000000,8.000000,8.000000,0.000000,0.000000,0.000000,0.000000,0.000000,0.000000,0.000000,0.000000,0.000000,0.000000,0.000000,0.000000,0.000000,0.000000,0.000000,0.000000,0.000000,0.000000,0.000000,0.000000,0.000000,0.000000,0.000000,0.000000,0.000000,0.000000,0.000000,0.000000,0.000000,0.000000,0.000000,0.000000,0.000000,0.000000,0.000000,0.000000,0.000000,0.000000,0.000000,0.000000,0.000000,0.000000,0.000000,0.000000,0.000000,0.000000,0.000000,0.000000,0.000000,0.000000,0.000000,0.000000,0.000000,0.000000,0.000000,0.000000,0.000000,0.000000,0.000000,0.000000,0.000000,0.000000,0.000000,0.000000,0.000000,0.000000,0.000000,0.000000,0.000000,0.000000,0.000000,0.000000,0.000000,0.000000,0.000000,0.000000,0.000000,0.000000,0.000000,0.000000,0.000000,0.000000,0.000000,0.000000,0.000000,0.000000,0.000000,0.000000,0.000000,0.000000,0.000000,0.000000,0.000000,0.000000,0.000000,0.000000,0.000000,0.000000,0.000000,0.000000,0.000000,0.000000,0.000000,0.000000,0.000000,0.000000,0.000000,0.000000,0.000000,0.000000,0.000000,0.000000,0.000000,0.000000,0.000000,0.000000,0.000000,0.000000,0.000000,0.000000,0.000000,0.000000,0.000000,0.000000,0.000000,0.000000,0.000000,0.000000,0.000000,0.000000,0.000000,0.000000,0.000000,0.000000,0.000000,0.000000,0.000000,0.000000,0.000000,0.000000,0.000000,0.000000,0.000000,0.000000,0.000000,0.000000,0.000000,0.000000,0.000000,0.000000,0.000000,0.000000,0.000000,0.000000,0.000000,0.000000,0.000000,0.000000,0.000000,0.000000,0.000000,0.000000,0.000000,0.000000,0.000000,0.000000,0.000000,0.000000,0.000000,0.000000,0.000000,0.000000,0.000000,0.000000,0.000000,0.000000,0.000000,0.000000,0.000000,0.000000,0.000000,0.000000,0.000000,0.000000,
avg_symbol_len: 18.000000,135.242188,0.003906,0.000000,0.000000,0.000000,0.000000,0.000000,
avg_symbol_cnt: 153.246094
avg_hashtable_usage: 0.003906
avg_shortcodes_usage: 153.242188
max_2len_start_chars: 17
avg_2len_start_chars: 17.000000
max_2len_combinations: 8
avg_2len_combinations: 7.955417
0.248
Cycles (1) completed. Stats:
	Parameters:
		Block size: 4194304
		Input size: 1073741824
		Effective table size: 4194304
		File name: ../../thesis-testing/dbtext-inflated-1gb/output_hex
	Compression:
		Duration (us): 5123917
		Throughput (GB/s): 0.210
		Compressed size: 712467751
	Decompression:
		Duration (us): 2791888
		Throughput (GB/s): 0.385
		Ratio: 1.5071
	Compression phases:
		Table generation (GB/s, us): 1.364 (787357)
		Precomputation (GB/s, us): inf (0)
		Encoding (GB/s, us): 0.248 (4336117)
		Postprocessing (GB/s, us): inf (0)

2.5986,
3.8132,
2.2210,
1.8116,
1.3839,
1.4076,
1.9445,
2.3030,
2.1000,
1.5071,

TPC-H:  3.2059
GDelt:  2.2210
DBtext: 1.7797