avg_symbol_2len_start_char: 0.000000,0.000000,0.000000,0.000000,0.000000,0.000000,0.000000,0.000000,0.000000,0.000000,0.059322,0.000000,0.000000,0.000000,0.000000,0.000000,0.000000,0.000000,0.000000,0.000000,0.000000,0.000000,0.000000,0.000000,0.000000,0.000000,0.000000,0.000000,0.000000,0.000000,0.000000,0.000000,0.584746,0.000000,0.000000,0.000000,0.000000,0.000000,0.000000,0.000000,0.000000,0.000000,0.000000,0.000000,0.008475,0.000000,0.868644,0.000000,0.000000,0.000000,0.000000,0.000000,0.000000,0.000000,0.000000,0.000000,0.000000,0.000000,0.000000,0.000000,0.000000,0.000000,0.000000,0.000000,0.000000,0.000000,0.000000,0.000000,0.000000,0.000000,0.000000,0.000000,0.000000,0.000000,0.000000,0.000000,0.000000,0.000000,0.000000,0.000000,0.000000,0.000000,0.000000,0.000000,0.000000,0.000000,0.000000,0.000000,0.000000,0.000000,0.000000,0.000000,0.000000,0.000000,0.000000,0.000000,0.000000,0.016949,0.021186,0.000000,0.211864,0.398305,0.000000,0.000000,0.114407,0.254237,0.000000,0.000000,0.016949,0.000000,0.000000,0.000000,0.000000,0.000000,0.296610,0.716102,0.588983,0.000000,0.000000,0.000000,0.000000,0.889831,0.000000,0.000000,0.000000,0.000000,0.000000,0.000000,0.000000,0.000000,0.000000,0.000000,0.000000,0.000000,0.000000,0.000000,0.000000,0.000000,0.000000,0.000000,0.000000,0.000000,0.000000,0.000000,0.000000,0.000000,0.000000,0.000000,0.000000,0.000000,0.000000,0.000000,0.000000,0.000000,0.000000,0.000000,0.000000,0.000000,0.000000,0.000000,0.000000,0.000000,0.000000,0.000000,0.000000,0.000000,0.000000,0.000000,0.000000,0.000000,0.000000,0.000000,0.000000,0.000000,0.000000,0.000000,0.000000,0.000000,0.000000,0.000000,0.000000,0.000000,0.000000,0.000000,0.000000,0.000000,0.000000,0.000000,0.000000,0.000000,0.000000,0.000000,0.000000,0.000000,0.000000,0.000000,0.000000,0.000000,0.000000,0.000000,0.000000,0.000000,0.000000,0.000000,0.000000,0.000000,0.000000,0.000000,0.000000,0.000000,0.000000,0.000000,0.000000,0.000000,0.000000,0.000000,0.000000,0.000000,0.000000,0.000000,0.000000,0.000000,0.000000,0.000000,0.000000,0.000000,0.000000,0.000000,0.000000,0.000000,0.000000,0.000000,0.000000,0.000000,0.000000,0.000000,0.000000,0.000000,0.000000,0.000000,0.000000,0.000000,0.000000,0.000000,0.000000,0.000000,0.000000,0.000000,0.000000,0.000000,0.000000,0.000000,0.000000,0.000000,0.000000,
avg_symbol_len: 36.754238,5.046610,21.317797,14.122881,16.716103,18.233051,13.283898,33.216103,
avg_symbol_cnt: 158.690674
avg_hashtable_usage: 116.889832
avg_shortcodes_usage: 41.800846
max_2len_start_chars: 5
avg_2len_start_chars: 5.000000
max_2len_combinations: 2
avg_2len_combinations: 1.009322
0.357
Cycles (1) completed. Stats:
	Parameters:
		Block size: 4194304
		Input size: 989855744
		Effective table size: 4194304
		File name: ../../thesis-testing/lineitem-1gb/lineitem-comments-1gb-1.txt
	Compression:
		Duration (us): 3094675
		Throughput (GB/s): 0.320
		Compressed size: 431241653
	Decompression:
		Duration (us): 1931651
		Throughput (GB/s): 0.512
		Ratio: 2.2954
	Compression phases:
		Table generation (GB/s, us): 3.047 (324843)
		Precomputation (GB/s, us): inf (0)
		Encoding (GB/s, us): 0.357 (2769444)
		Postprocessing (GB/s, us): inf (0)
avg_symbol_2len_start_char: 0.000000,0.000000,0.000000,0.000000,0.000000,0.000000,0.000000,0.000000,0.000000,0.000000,0.000000,0.000000,0.000000,0.000000,0.000000,0.000000,0.000000,0.000000,0.000000,0.000000,0.000000,0.000000,0.000000,0.000000,0.000000,0.000000,0.000000,0.000000,0.000000,0.000000,0.000000,0.000000,0.000000,0.000000,0.000000,0.000000,0.000000,0.000000,0.000000,0.000000,0.000000,0.000000,0.000000,0.000000,0.000000,0.000000,0.000000,0.000000,0.464602,0.654867,0.716814,0.889381,0.579646,0.588496,0.526549,0.880531,0.455752,0.836283,0.000000,0.000000,0.000000,0.000000,0.000000,0.000000,0.000000,0.000000,0.000000,0.004425,0.000000,0.000000,0.000000,0.000000,0.000000,0.000000,0.000000,0.000000,0.000000,0.000000,0.000000,0.000000,0.000000,0.000000,0.000000,0.000000,0.000000,0.000000,0.000000,0.000000,0.000000,0.000000,0.000000,0.000000,0.000000,0.000000,0.000000,0.000000,0.000000,0.000000,0.000000,0.000000,0.000000,0.000000,0.000000,0.000000,0.000000,0.000000,0.000000,0.000000,0.000000,0.026549,0.000000,0.000000,0.000000,0.000000,0.013274,0.000000,0.000000,0.000000,0.000000,0.000000,0.000000,0.000000,0.000000,0.000000,0.000000,0.000000,0.000000,0.000000,0.000000,0.000000,0.000000,0.000000,0.000000,0.000000,0.000000,0.000000,0.000000,0.000000,0.000000,0.000000,0.000000,0.000000,0.000000,0.000000,0.000000,0.000000,0.000000,0.000000,0.000000,0.000000,0.000000,0.000000,0.000000,0.000000,0.000000,0.000000,0.000000,0.000000,0.000000,0.000000,0.000000,0.000000,0.000000,0.000000,0.000000,0.000000,0.000000,0.000000,0.000000,0.000000,0.000000,0.000000,0.000000,0.000000,0.000000,0.000000,0.000000,0.000000,0.000000,0.000000,0.000000,0.000000,0.000000,0.000000,0.000000,0.000000,0.000000,0.000000,0.000000,0.000000,0.000000,0.000000,0.000000,0.000000,0.000000,0.000000,0.000000,0.000000,0.000000,0.000000,0.000000,0.000000,0.000000,0.000000,0.000000,0.000000,0.000000,0.000000,0.000000,0.000000,0.000000,0.000000,0.000000,0.000000,0.000000,0.000000,0.000000,0.000000,0.000000,0.000000,0.000000,0.000000,0.000000,0.000000,0.000000,0.000000,0.000000,0.000000,0.000000,0.000000,0.000000,0.000000,0.000000,0.000000,0.000000,0.000000,0.000000,0.000000,0.000000,0.000000,0.000000,0.000000,0.000000,0.000000,0.000000,0.000000,0.000000,0.000000,0.000000,0.000000,0.000000,0.000000,0.000000,0.000000,0.000000,
avg_symbol_len: 20.977877,6.637168,53.292034,22.530973,21.880531,27.030973,1.309734,48.588497,
avg_symbol_cnt: 202.247787
avg_hashtable_usage: 174.632736
avg_shortcodes_usage: 27.615044
max_2len_start_chars: 5
avg_2len_start_chars: 5.000000
max_2len_combinations: 6
avg_2len_combinations: 1.327433
0.582
Cycles (1) completed. Stats:
	Parameters:
		Block size: 4194304
		Input size: 947912704
		Effective table size: 4194304
		File name: ../../thesis-testing/customer-1gb/customer-id-1gb-1.txt
	Compression:
		Duration (us): 1826907
		Throughput (GB/s): 0.519
		Compressed size: 296165403
	Decompression:
		Duration (us): 796280
		Throughput (GB/s): 1.190
		Ratio: 3.2006
	Compression phases:
		Table generation (GB/s, us): 4.767 (198864)
		Precomputation (GB/s, us): inf (0)
		Encoding (GB/s, us): 0.582 (1627720)
		Postprocessing (GB/s, us): inf (0)


avg_symbol_2len_start_char: 0.000000,0.000000,0.000000,0.000000,0.000000,0.000000,0.000000,0.000000,0.000000,0.000000,0.054688,0.000000,0.000000,0.000000,0.000000,0.000000,0.000000,0.000000,0.000000,0.000000,0.000000,0.000000,0.000000,0.000000,0.000000,0.000000,0.000000,0.000000,0.000000,0.000000,0.000000,0.000000,0.054688,0.000000,0.000000,0.000000,0.000000,0.000000,0.000000,0.000000,0.000000,0.000000,0.000000,0.000000,1.000000,0.000000,0.000000,0.000000,0.000000,0.000000,0.000000,0.000000,0.000000,0.000000,0.000000,0.000000,0.000000,0.000000,0.000000,0.000000,0.000000,0.000000,0.000000,0.000000,0.000000,0.000000,0.035156,0.011719,0.000000,0.000000,0.000000,0.000000,0.000000,0.027344,0.000000,0.000000,0.003906,0.074219,0.027344,0.000000,0.000000,0.000000,0.000000,0.000000,0.000000,0.000000,0.000000,0.000000,0.000000,0.000000,0.000000,0.000000,0.000000,0.000000,0.000000,0.000000,0.000000,1.191406,0.015625,0.015625,0.039062,0.480469,0.000000,0.000000,0.167969,0.351562,0.000000,0.000000,0.175781,0.007812,0.140625,0.503906,0.000000,0.000000,0.570312,0.027344,0.632812,0.000000,0.000000,0.003906,0.000000,0.000000,0.000000,0.000000,0.000000,0.000000,0.000000,0.000000,0.000000,0.000000,0.000000,0.000000,0.000000,0.000000,0.000000,0.000000,0.000000,0.000000,0.000000,0.000000,0.000000,0.000000,0.000000,0.000000,0.000000,0.000000,0.000000,0.000000,0.000000,0.000000,0.000000,0.000000,0.000000,0.000000,0.000000,0.000000,0.000000,0.000000,0.000000,0.000000,0.000000,0.000000,0.000000,0.000000,0.000000,0.000000,0.000000,0.000000,0.000000,0.000000,0.000000,0.000000,0.000000,0.000000,0.000000,0.000000,0.000000,0.000000,0.000000,0.000000,0.000000,0.000000,0.000000,0.000000,0.000000,0.000000,0.000000,0.000000,0.000000,0.000000,0.000000,0.000000,0.000000,0.000000,0.000000,0.000000,0.000000,0.000000,0.000000,0.000000,0.000000,0.000000,0.000000,0.000000,0.000000,0.000000,0.000000,0.000000,0.000000,0.000000,0.000000,0.000000,0.000000,0.000000,0.000000,0.000000,0.000000,0.000000,0.000000,0.000000,0.000000,0.000000,0.000000,0.000000,0.000000,0.000000,0.000000,0.000000,0.000000,0.000000,0.000000,0.000000,0.000000,0.000000,0.000000,0.000000,0.000000,0.000000,0.000000,0.000000,0.000000,0.000000,0.000000,0.000000,0.000000,0.000000,0.000000,0.000000,0.000000,0.000000,0.000000,0.000000,0.000000,0.000000,0.000000,
avg_symbol_len: 63.000000,5.613281,21.207031,13.171875,14.964844,13.675781,9.921875,26.914062,
avg_symbol_cnt: 168.468750
avg_hashtable_usage: 99.855469
avg_shortcodes_usage: 68.613281
max_2len_start_chars: 5
avg_2len_start_chars: 5.000000
max_2len_combinations: 3
avg_2len_combinations: 1.122656
0.410
Cycles (1) completed. Stats:
	Parameters:
		Block size: 4194304
		Input size: 1073741824
		Effective table size: 4194304
		File name: ../../thesis-testing/gdelt-locations-inflated-1gb/output_locations.txt
	Compression:
		Duration (us): 2892065
		Throughput (GB/s): 0.371
		Compressed size: 536157706
	Decompression:
		Duration (us): 1043745
		Throughput (GB/s): 1.029
		Ratio: 2.0027
	Compression phases:
		Table generation (GB/s, us): 3.942 (272352)
		Precomputation (GB/s, us): inf (0)
		Encoding (GB/s, us): 0.410 (2619330)
		Postprocessing (GB/s, us): inf (0)


avg_symbol_2len_start_char: 0.000000,0.000000,0.000000,0.000000,0.000000,0.000000,0.000000,0.000000,0.000000,0.000000,0.000000,0.000000,0.000000,0.000000,0.000000,0.000000,0.000000,0.000000,0.000000,0.000000,0.000000,0.000000,0.000000,0.000000,0.000000,0.000000,0.000000,0.000000,0.000000,0.000000,0.000000,0.000000,0.000000,0.000000,0.000000,0.000000,0.000000,0.000000,0.000000,0.000000,0.000000,0.000000,0.000000,0.000000,0.000000,0.000000,0.019531,0.000000,0.000000,0.000000,0.000000,0.000000,0.000000,0.000000,0.000000,0.000000,0.000000,0.000000,0.000000,0.000000,0.000000,0.000000,0.000000,0.000000,0.000000,0.000000,0.000000,0.000000,0.000000,0.000000,0.000000,0.000000,0.000000,0.000000,0.000000,0.000000,0.000000,0.000000,0.000000,0.000000,0.000000,0.000000,0.000000,0.000000,0.000000,0.000000,0.000000,0.000000,0.000000,0.000000,0.000000,0.000000,0.000000,0.000000,0.000000,0.000000,0.000000,0.644531,0.003906,0.703125,0.160156,0.078125,0.000000,0.000000,0.035156,0.667969,0.000000,0.000000,0.902344,1.265625,0.250000,0.128906,0.000000,0.000000,0.953125,0.058594,0.003906,0.000000,0.000000,0.000000,0.000000,0.000000,0.000000,0.000000,0.000000,0.000000,0.000000,0.000000,0.000000,0.000000,0.000000,0.000000,0.000000,0.000000,0.000000,0.000000,0.000000,0.000000,0.000000,0.000000,0.000000,0.000000,0.000000,0.000000,0.000000,0.000000,0.000000,0.000000,0.000000,0.000000,0.000000,0.000000,0.000000,0.000000,0.000000,0.000000,0.000000,0.000000,0.000000,0.000000,0.000000,0.000000,0.000000,0.000000,0.000000,0.000000,0.000000,0.000000,0.000000,0.000000,0.000000,0.000000,0.000000,0.000000,0.000000,0.000000,0.000000,0.000000,0.000000,0.000000,0.000000,0.000000,0.000000,0.000000,0.000000,0.000000,0.000000,0.000000,0.000000,0.000000,0.000000,0.000000,0.000000,0.000000,0.000000,0.000000,0.000000,0.000000,0.000000,0.000000,0.000000,0.000000,0.000000,0.000000,0.000000,0.000000,0.000000,0.000000,0.000000,0.000000,0.000000,0.000000,0.000000,0.000000,0.000000,0.000000,0.000000,0.000000,0.000000,0.000000,0.000000,0.000000,0.000000,0.000000,0.000000,0.000000,0.000000,0.000000,0.000000,0.000000,0.000000,0.000000,0.000000,0.000000,0.000000,0.000000,0.000000,0.000000,0.000000,0.000000,0.000000,0.000000,0.000000,0.000000,0.000000,0.000000,0.000000,0.000000,0.000000,0.000000,0.000000,0.000000,0.000000,0.000000,0.000000,
avg_symbol_len: 42.222656,5.875000,19.496094,4.871094,6.875000,9.253906,3.343750,24.187500,
avg_symbol_cnt: 116.125000
avg_hashtable_usage: 68.027344
avg_shortcodes_usage: 48.097656
max_2len_start_chars: 5
avg_2len_start_chars: 5.000000
max_2len_combinations: 4
avg_2len_combinations: 1.174999
0.303
Cycles (1) completed. Stats:
	Parameters:
		Block size: 4194304
		Input size: 1073741824
		Effective table size: 4194304
		File name: ../../thesis-testing/dbtext-inflated-1gb/output_email
	Compression:
		Duration (us): 4103242
		Throughput (GB/s): 0.262
		Compressed size: 684497171
	Decompression:
		Duration (us): 1737499
		Throughput (GB/s): 0.618
		Ratio: 1.5687
	Compression phases:
		Table generation (GB/s, us): 1.920 (559385)
		Precomputation (GB/s, us): inf (0)
		Encoding (GB/s, us): 0.303 (3543475)
		Postprocessing (GB/s, us): inf (0)
avg_symbol_2len_start_char: 0.000000,0.000000,0.000000,0.000000,0.000000,0.000000,0.000000,0.000000,0.000000,0.000000,0.000000,0.000000,0.000000,0.000000,0.000000,0.000000,0.000000,0.000000,0.000000,0.000000,0.000000,0.000000,0.000000,0.000000,0.000000,0.000000,0.000000,0.000000,0.000000,0.000000,0.000000,0.000000,0.000000,0.000000,0.000000,0.000000,0.000000,0.000000,0.000000,0.000000,0.000000,0.960938,0.000000,0.000000,0.546875,0.000000,0.000000,0.000000,0.000000,0.000000,0.000000,0.000000,0.000000,0.000000,0.000000,0.000000,0.000000,0.000000,0.000000,0.000000,0.000000,0.000000,0.000000,0.000000,0.000000,0.000000,0.000000,0.000000,0.000000,0.000000,0.000000,0.000000,0.000000,0.000000,0.000000,0.000000,0.000000,0.000000,0.000000,0.000000,0.000000,0.000000,0.000000,0.000000,0.000000,0.000000,0.000000,0.000000,0.000000,0.000000,0.000000,0.000000,0.000000,0.000000,0.000000,0.000000,0.000000,1.109375,0.000000,0.000000,0.011719,0.636719,0.000000,0.000000,0.000000,0.121094,0.000000,0.000000,0.058594,0.000000,0.039062,0.617188,0.000000,0.000000,0.558594,0.472656,0.000000,0.000000,0.000000,0.000000,0.000000,0.367188,0.000000,0.000000,0.000000,0.000000,0.000000,0.000000,0.000000,0.000000,0.000000,0.000000,0.000000,0.000000,0.000000,0.000000,0.000000,0.000000,0.000000,0.000000,0.000000,0.000000,0.000000,0.000000,0.000000,0.000000,0.000000,0.000000,0.000000,0.000000,0.000000,0.000000,0.000000,0.000000,0.000000,0.000000,0.000000,0.000000,0.000000,0.000000,0.000000,0.000000,0.000000,0.000000,0.000000,0.000000,0.000000,0.000000,0.000000,0.000000,0.000000,0.000000,0.000000,0.000000,0.000000,0.000000,0.000000,0.000000,0.000000,0.000000,0.000000,0.000000,0.000000,0.000000,0.000000,0.000000,0.000000,0.000000,0.000000,0.000000,0.000000,0.000000,0.000000,0.000000,0.000000,0.000000,0.000000,0.000000,0.000000,0.000000,0.000000,0.000000,0.000000,0.000000,0.000000,0.000000,0.000000,0.000000,0.000000,0.000000,0.000000,0.000000,0.000000,0.000000,0.000000,0.000000,0.000000,0.000000,0.000000,0.000000,0.000000,0.000000,0.000000,0.000000,0.000000,0.000000,0.000000,0.000000,0.000000,0.000000,0.000000,0.000000,0.000000,0.000000,0.000000,0.000000,0.000000,0.000000,0.000000,0.000000,0.000000,0.000000,0.000000,0.000000,0.000000,0.000000,0.000000,0.000000,0.000000,0.000000,0.000000,0.000000,0.000000,0.000000,0.000000,
avg_symbol_len: 112.324219,5.500000,31.710938,4.113281,2.847656,1.062500,0.890625,0.339844,
avg_symbol_cnt: 158.789062
avg_hashtable_usage: 40.964844
avg_shortcodes_usage: 117.824219
max_2len_start_chars: 5
avg_2len_start_chars: 5.000000
max_2len_combinations: 3
avg_2len_combinations: 1.100000
0.243
Cycles (1) completed. Stats:
	Parameters:
		Block size: 4194304
		Input size: 1073741824
		Effective table size: 4194304
		File name: ../../thesis-testing/dbtext-inflated-1gb/output_yago
	Compression:
		Duration (us): 5088535
		Throughput (GB/s): 0.211
		Compressed size: 932580883
	Decompression:
		Duration (us): 1828127
		Throughput (GB/s): 0.587
		Ratio: 1.1514
	Compression phases:
		Table generation (GB/s, us): 1.623 (661615)
		Precomputation (GB/s, us): inf (0)
		Encoding (GB/s, us): 0.243 (4426533)
		Postprocessing (GB/s, us): inf (0)
avg_symbol_2len_start_char: 0.000000,0.000000,0.000000,0.000000,0.000000,0.000000,0.000000,0.000000,0.000000,0.000000,0.000000,0.000000,0.000000,0.000000,0.000000,0.000000,0.000000,0.000000,0.000000,0.000000,0.000000,0.000000,0.000000,0.000000,0.000000,0.000000,0.000000,0.000000,0.000000,0.000000,0.000000,0.000000,0.000000,0.000000,0.000000,0.000000,0.000000,0.000000,0.000000,0.000000,0.000000,0.472656,0.000000,0.000000,0.007812,0.000000,0.000000,0.000000,0.000000,0.000000,0.000000,0.000000,0.000000,0.000000,0.000000,0.000000,0.000000,0.000000,0.000000,0.000000,0.000000,0.000000,0.000000,0.000000,0.000000,0.000000,0.000000,0.000000,0.000000,0.000000,0.000000,0.000000,0.000000,0.000000,0.000000,0.000000,0.000000,0.000000,0.000000,0.000000,0.000000,0.000000,0.000000,0.000000,0.000000,0.000000,0.000000,0.000000,0.000000,0.000000,0.000000,0.000000,0.000000,0.000000,0.000000,0.003906,0.000000,0.941406,0.000000,0.000000,0.085938,0.796875,0.000000,0.000000,0.000000,0.175781,0.000000,0.000000,0.160156,0.000000,0.031250,0.742188,0.000000,0.000000,0.566406,1.132812,0.023438,0.000000,0.007812,0.000000,0.000000,0.519531,0.000000,0.000000,0.000000,0.000000,0.000000,0.000000,0.000000,0.000000,0.000000,0.000000,0.000000,0.000000,0.000000,0.000000,0.000000,0.000000,0.000000,0.000000,0.000000,0.000000,0.000000,0.000000,0.000000,0.000000,0.000000,0.000000,0.000000,0.000000,0.000000,0.000000,0.000000,0.000000,0.000000,0.000000,0.000000,0.000000,0.000000,0.000000,0.000000,0.000000,0.000000,0.000000,0.000000,0.000000,0.000000,0.000000,0.000000,0.000000,0.000000,0.000000,0.000000,0.000000,0.000000,0.000000,0.000000,0.000000,0.000000,0.000000,0.000000,0.000000,0.000000,0.000000,0.000000,0.000000,0.000000,0.000000,0.000000,0.000000,0.000000,0.000000,0.000000,0.000000,0.000000,0.000000,0.000000,0.000000,0.000000,0.000000,0.000000,0.000000,0.000000,0.000000,0.000000,0.000000,0.000000,0.000000,0.000000,0.000000,0.000000,0.000000,0.000000,0.000000,0.000000,0.000000,0.000000,0.000000,0.000000,0.000000,0.000000,0.000000,0.000000,0.000000,0.000000,0.000000,0.000000,0.000000,0.000000,0.000000,0.000000,0.000000,0.000000,0.000000,0.000000,0.000000,0.000000,0.000000,0.000000,0.000000,0.000000,0.000000,0.000000,0.000000,0.000000,0.000000,0.000000,0.000000,0.000000,0.000000,0.000000,0.000000,0.000000,0.000000,0.000000,
avg_symbol_len: 116.050781,5.667969,27.738281,6.480469,6.410156,1.382812,2.234375,4.601562,
avg_symbol_cnt: 170.566406
avg_hashtable_usage: 48.847656
avg_shortcodes_usage: 121.718750
max_2len_start_chars: 5
avg_2len_start_chars: 5.000000
max_2len_combinations: 3
avg_2len_combinations: 1.133593
0.250
Cycles (1) completed. Stats:
	Parameters:
		Block size: 4194304
		Input size: 1073741824
		Effective table size: 4194304
		File name: ../../thesis-testing/dbtext-inflated-1gb/output_wiki
	Compression:
		Duration (us): 4943897
		Throughput (GB/s): 0.217
		Compressed size: 893805319
	Decompression:
		Duration (us): 1852521
		Throughput (GB/s): 0.580
		Ratio: 1.2013
	Compression phases:
		Table generation (GB/s, us): 1.665 (645021)
		Precomputation (GB/s, us): inf (0)
		Encoding (GB/s, us): 0.250 (4298496)
		Postprocessing (GB/s, us): inf (0)
avg_symbol_2len_start_char: 0.000000,0.000000,0.000000,0.000000,0.000000,0.000000,0.000000,0.000000,0.000000,0.000000,0.000000,0.000000,0.000000,0.000000,0.000000,0.000000,0.000000,0.000000,0.000000,0.000000,0.000000,0.000000,0.000000,0.000000,0.000000,0.000000,0.000000,0.000000,0.000000,0.000000,0.000000,0.000000,0.000000,0.000000,0.000000,0.000000,0.000000,0.000000,0.000000,0.000000,0.000000,0.000000,0.000000,0.000000,0.000000,0.000000,0.003906,0.003906,0.000000,0.000000,0.000000,0.000000,0.000000,0.000000,0.000000,0.000000,0.000000,0.000000,0.000000,0.000000,0.000000,0.000000,0.000000,0.000000,0.000000,0.000000,0.000000,0.000000,0.000000,0.000000,0.000000,0.000000,0.000000,0.000000,0.000000,0.000000,0.000000,0.000000,0.000000,0.000000,0.000000,0.000000,0.000000,0.000000,0.000000,0.000000,0.000000,0.000000,0.000000,0.000000,0.000000,0.000000,0.000000,0.000000,0.000000,0.000000,0.000000,0.679688,0.000000,0.175781,0.726562,0.699219,0.000000,0.000000,0.000000,0.722656,0.000000,0.000000,0.535156,0.015625,0.070312,0.882812,0.000000,0.000000,0.878906,0.093750,0.078125,0.000000,0.000000,0.070312,0.000000,0.000000,0.000000,0.000000,0.000000,0.000000,0.000000,0.000000,0.000000,0.000000,0.000000,0.000000,0.000000,0.000000,0.000000,0.000000,0.000000,0.000000,0.000000,0.000000,0.000000,0.000000,0.000000,0.000000,0.000000,0.000000,0.000000,0.000000,0.000000,0.000000,0.000000,0.000000,0.000000,0.000000,0.000000,0.000000,0.000000,0.000000,0.000000,0.000000,0.000000,0.000000,0.000000,0.000000,0.000000,0.000000,0.000000,0.000000,0.000000,0.000000,0.000000,0.000000,0.000000,0.000000,0.000000,0.000000,0.000000,0.000000,0.000000,0.000000,0.000000,0.000000,0.000000,0.000000,0.000000,0.000000,0.000000,0.000000,0.000000,0.000000,0.000000,0.000000,0.000000,0.000000,0.000000,0.000000,0.000000,0.000000,0.000000,0.000000,0.000000,0.000000,0.000000,0.000000,0.000000,0.000000,0.000000,0.000000,0.000000,0.000000,0.000000,0.000000,0.000000,0.000000,0.000000,0.000000,0.000000,0.000000,0.000000,0.000000,0.000000,0.000000,0.000000,0.000000,0.000000,0.000000,0.000000,0.000000,0.000000,0.000000,0.000000,0.000000,0.000000,0.000000,0.000000,0.000000,0.000000,0.000000,0.000000,0.000000,0.000000,0.000000,0.000000,0.000000,0.000000,0.000000,0.000000,0.000000,0.000000,0.000000,0.000000,0.000000,0.000000,0.000000,0.000000,
avg_symbol_len: 80.179688,5.636719,17.250000,6.746094,12.281250,3.992188,6.851562,22.839844,
avg_symbol_cnt: 155.777344
avg_hashtable_usage: 69.960938
avg_shortcodes_usage: 85.816406
max_2len_start_chars: 5
avg_2len_start_chars: 5.000000
max_2len_combinations: 3
avg_2len_combinations: 1.127344
0.332
Cycles (1) completed. Stats:
	Parameters:
		Block size: 4194304
		Input size: 1073741824
		Effective table size: 4194304
		File name: ../../thesis-testing/dbtext-inflated-1gb/output_urls2
	Compression:
		Duration (us): 3732466
		Throughput (GB/s): 0.288
		Compressed size: 630950230
	Decompression:
		Duration (us): 1569801
		Throughput (GB/s): 0.684
		Ratio: 1.7018
	Compression phases:
		Table generation (GB/s, us): 2.147 (500130)
		Precomputation (GB/s, us): inf (0)
		Encoding (GB/s, us): 0.332 (3231960)
		Postprocessing (GB/s, us): inf (0)
avg_symbol_2len_start_char: 0.000000,0.000000,0.000000,0.000000,0.000000,0.000000,0.000000,0.000000,0.000000,0.000000,0.000000,0.000000,0.000000,0.000000,0.000000,0.000000,0.000000,0.000000,0.000000,0.000000,0.000000,0.000000,0.000000,0.000000,0.000000,0.000000,0.000000,0.000000,0.000000,0.000000,0.000000,0.000000,0.000000,0.000000,0.000000,0.000000,0.000000,0.000000,0.000000,0.000000,0.000000,0.000000,0.000000,0.000000,0.000000,1.031250,0.011719,0.195312,0.187500,0.031250,0.429688,0.015625,0.000000,0.000000,0.003906,0.000000,0.000000,0.000000,0.003906,0.000000,0.000000,0.000000,0.000000,0.000000,0.000000,0.000000,0.000000,0.000000,0.000000,0.000000,0.000000,0.000000,0.000000,0.000000,0.000000,0.000000,0.000000,0.000000,0.000000,0.000000,0.000000,0.000000,0.000000,0.000000,0.488281,0.000000,0.000000,0.000000,0.000000,0.000000,0.000000,0.000000,0.000000,0.000000,0.000000,0.000000,0.000000,0.363281,0.000000,0.523438,0.179688,0.394531,0.000000,0.007812,0.000000,0.453125,0.000000,0.000000,0.191406,0.078125,0.003906,0.570312,0.000000,0.000000,0.078125,0.101562,0.007812,0.195312,0.000000,0.000000,0.000000,0.000000,0.000000,0.000000,0.000000,0.000000,0.000000,0.000000,0.000000,0.000000,0.000000,0.000000,0.000000,0.000000,0.000000,0.000000,0.000000,0.000000,0.000000,0.000000,0.000000,0.000000,0.000000,0.000000,0.000000,0.000000,0.000000,0.000000,0.000000,0.000000,0.000000,0.000000,0.000000,0.000000,0.000000,0.000000,0.000000,0.000000,0.000000,0.000000,0.000000,0.000000,0.000000,0.000000,0.000000,0.000000,0.000000,0.000000,0.000000,0.000000,0.000000,0.000000,0.000000,0.000000,0.000000,0.000000,0.000000,0.000000,0.000000,0.000000,0.000000,0.000000,0.000000,0.000000,0.000000,0.000000,0.000000,0.000000,0.000000,0.000000,0.000000,0.000000,0.000000,0.000000,0.000000,0.000000,0.000000,0.000000,0.000000,0.000000,0.000000,0.000000,0.000000,0.000000,0.000000,0.000000,0.000000,0.000000,0.000000,0.000000,0.000000,0.000000,0.000000,0.000000,0.000000,0.000000,0.000000,0.000000,0.000000,0.000000,0.000000,0.000000,0.000000,0.000000,0.003906,0.000000,0.000000,0.000000,0.000000,0.000000,0.000000,0.000000,0.000000,0.000000,0.000000,0.000000,0.000000,0.000000,0.000000,0.000000,0.000000,0.000000,0.000000,0.000000,0.000000,0.000000,0.000000,0.000000,0.000000,0.000000,0.000000,0.000000,0.000000,0.000000,0.000000,
avg_symbol_len: 98.382812,5.550781,19.300781,9.679688,20.941406,6.250000,6.765625,29.003906,
avg_symbol_cnt: 195.875000
avg_hashtable_usage: 91.941406
avg_shortcodes_usage: 103.933594
max_2len_start_chars: 5
avg_2len_start_chars: 5.000000
max_2len_combinations: 3
avg_2len_combinations: 1.110156
0.400
Cycles (1) completed. Stats:
	Parameters:
		Block size: 4194304
		Input size: 1073741824
		Effective table size: 4194304
		File name: ../../thesis-testing/dbtext-inflated-1gb/output_urls
	Compression:
		Duration (us): 3048756
		Throughput (GB/s): 0.352
		Compressed size: 505272422
	Decompression:
		Duration (us): 1316956
		Throughput (GB/s): 0.815
		Ratio: 2.1251
	Compression phases:
		Table generation (GB/s, us): 2.943 (364845)
		Precomputation (GB/s, us): inf (0)
		Encoding (GB/s, us): 0.400 (2683531)
		Postprocessing (GB/s, us): inf (0)
avg_symbol_2len_start_char: 0.000000,0.000000,0.000000,0.000000,0.000000,0.000000,0.000000,0.000000,0.000000,0.000000,0.000000,0.000000,0.000000,0.000000,0.000000,0.000000,0.000000,0.000000,0.000000,0.000000,0.000000,0.000000,0.000000,0.000000,0.000000,0.000000,0.000000,0.000000,0.000000,0.000000,0.000000,0.000000,0.000000,0.000000,0.000000,0.000000,0.000000,0.000000,0.000000,0.000000,0.000000,0.000000,0.000000,0.000000,0.000000,1.089844,0.000000,0.000000,0.003906,0.007812,0.000000,0.027344,0.000000,0.000000,0.000000,0.027344,0.003906,0.304688,0.000000,0.000000,0.000000,0.000000,0.000000,0.000000,0.000000,0.000000,0.000000,0.000000,0.000000,0.000000,0.000000,0.000000,0.000000,0.000000,0.000000,0.000000,0.000000,0.000000,0.000000,0.000000,0.000000,0.000000,0.000000,0.000000,0.000000,0.000000,0.000000,0.000000,0.000000,0.000000,0.000000,0.000000,0.000000,0.000000,0.000000,0.000000,0.000000,0.578125,6.070312,1.070312,3.492188,0.933594,0.039062,0.000000,0.000000,0.000000,0.000000,0.000000,0.000000,0.000000,0.000000,0.000000,0.000000,0.000000,0.000000,0.000000,0.000000,0.000000,0.000000,0.000000,0.000000,0.000000,0.000000,0.000000,0.000000,0.000000,0.000000,0.000000,0.000000,0.000000,0.000000,0.000000,0.000000,0.000000,0.000000,0.000000,0.000000,0.000000,0.000000,0.000000,0.000000,0.000000,0.000000,0.000000,0.000000,0.000000,0.000000,0.000000,0.000000,0.000000,0.000000,0.000000,0.000000,0.000000,0.000000,0.000000,0.000000,0.000000,0.000000,0.000000,0.000000,0.000000,0.000000,0.000000,0.000000,0.000000,0.000000,0.000000,0.000000,0.000000,0.000000,0.000000,0.000000,0.000000,0.000000,0.000000,0.000000,0.000000,0.000000,0.000000,0.000000,0.000000,0.000000,0.000000,0.000000,0.000000,0.000000,0.000000,0.000000,0.000000,0.000000,0.000000,0.000000,0.000000,0.000000,0.000000,0.000000,0.000000,0.000000,0.000000,0.000000,0.000000,0.000000,0.000000,0.000000,0.000000,0.000000,0.000000,0.000000,0.000000,0.000000,0.000000,0.000000,0.000000,0.000000,0.000000,0.000000,0.000000,0.000000,0.000000,0.000000,0.000000,0.000000,0.000000,0.000000,0.000000,0.000000,0.000000,0.000000,0.000000,0.000000,0.000000,0.000000,0.000000,0.000000,0.000000,0.000000,0.000000,0.000000,0.000000,0.000000,0.000000,0.000000,0.000000,0.000000,0.000000,0.000000,0.000000,0.000000,0.000000,0.000000,0.000000,0.000000,0.000000,0.000000,
avg_symbol_len: 19.000000,13.648438,2.777344,16.648438,0.398438,3.695312,1.031250,10.109375,
avg_symbol_cnt: 67.308594
avg_hashtable_usage: 34.660156
avg_shortcodes_usage: 32.648438
max_2len_start_chars: 5
avg_2len_start_chars: 5.000000
max_2len_combinations: 13
avg_2len_combinations: 2.729687
0.341
Cycles (1) completed. Stats:
	Parameters:
		Block size: 4194304
		Input size: 1073741824
		Effective table size: 4194304
		File name: ../../thesis-testing/dbtext-inflated-1gb/output_uuid
	Compression:
		Duration (us): 3692775
		Throughput (GB/s): 0.291
		Compressed size: 661583337
	Decompression:
		Duration (us): 1286800
		Throughput (GB/s): 0.834
		Ratio: 1.6230
	Compression phases:
		Table generation (GB/s, us): 1.961 (547609)
		Precomputation (GB/s, us): inf (0)
		Encoding (GB/s, us): 0.341 (3144785)
		Postprocessing (GB/s, us): inf (0)
avg_symbol_2len_start_char: 0.000000,0.000000,0.000000,0.000000,0.000000,0.000000,0.000000,0.000000,0.000000,0.000000,0.828125,0.000000,0.000000,0.000000,0.000000,0.000000,0.000000,0.000000,0.000000,0.000000,0.000000,0.000000,0.000000,0.000000,0.000000,0.000000,0.000000,0.000000,0.000000,0.000000,0.000000,0.000000,0.000000,0.000000,0.000000,0.000000,0.000000,0.000000,0.000000,0.000000,0.000000,0.000000,0.000000,0.000000,0.000000,0.000000,0.000000,0.000000,0.207031,0.292969,0.246094,0.187500,0.285156,0.300781,0.367188,0.277344,0.328125,0.304688,0.000000,0.000000,0.000000,0.000000,0.000000,0.000000,0.000000,0.292969,0.203125,0.277344,0.234375,0.277344,0.265625,0.000000,0.000000,0.000000,0.000000,0.000000,0.000000,0.000000,0.000000,0.000000,0.000000,0.000000,0.000000,0.000000,0.000000,0.000000,0.000000,0.000000,0.000000,0.000000,0.000000,0.000000,0.000000,0.000000,0.000000,0.000000,0.000000,0.000000,0.000000,0.000000,0.000000,0.000000,0.000000,0.000000,0.000000,0.000000,0.000000,0.000000,0.000000,0.000000,0.000000,0.000000,0.000000,0.000000,0.000000,0.000000,0.000000,0.000000,0.000000,0.000000,0.000000,0.000000,0.000000,0.000000,0.000000,0.000000,0.000000,0.000000,0.000000,0.000000,0.000000,0.000000,0.000000,0.000000,0.000000,0.000000,0.000000,0.000000,0.000000,0.000000,0.000000,0.000000,0.000000,0.000000,0.000000,0.000000,0.000000,0.000000,0.000000,0.000000,0.000000,0.000000,0.000000,0.000000,0.000000,0.000000,0.000000,0.000000,0.000000,0.000000,0.000000,0.000000,0.000000,0.000000,0.000000,0.000000,0.000000,0.000000,0.000000,0.000000,0.000000,0.000000,0.000000,0.000000,0.000000,0.000000,0.000000,0.000000,0.000000,0.000000,0.000000,0.000000,0.000000,0.000000,0.000000,0.000000,0.000000,0.000000,0.000000,0.000000,0.000000,0.000000,0.000000,0.000000,0.000000,0.000000,0.000000,0.000000,0.000000,0.000000,0.000000,0.000000,0.000000,0.000000,0.000000,0.000000,0.000000,0.000000,0.000000,0.000000,0.000000,0.000000,0.000000,0.000000,0.000000,0.000000,0.000000,0.000000,0.000000,0.000000,0.000000,0.000000,0.000000,0.000000,0.000000,0.000000,0.000000,0.000000,0.000000,0.000000,0.000000,0.000000,0.000000,0.000000,0.000000,0.000000,0.000000,0.000000,0.000000,0.000000,0.000000,0.000000,0.000000,0.000000,0.000000,0.000000,0.000000,0.000000,0.000000,0.000000,0.000000,0.000000,0.000000,0.000000,0.000000,
avg_symbol_len: 18.000000,5.175781,0.003906,0.000000,0.000000,0.000000,0.000000,0.000000,
avg_symbol_cnt: 23.179688
avg_hashtable_usage: 0.003906
avg_shortcodes_usage: 23.175781
max_2len_start_chars: 5
avg_2len_start_chars: 5.000000
max_2len_combinations: 3
avg_2len_combinations: 1.035156
0.238
Cycles (1) completed. Stats:
	Parameters:
		Block size: 4194304
		Input size: 1073741824
		Effective table size: 4194304
		File name: ../../thesis-testing/dbtext-inflated-1gb/output_hex
	Compression:
		Duration (us): 5264279
		Throughput (GB/s): 0.204
		Compressed size: 1036067224
	Decompression:
		Duration (us): 1487062
		Throughput (GB/s): 0.722
		Ratio: 1.0364
	Compression phases:
		Table generation (GB/s, us): 1.415 (758726)
		Precomputation (GB/s, us): inf (0)
		Encoding (GB/s, us): 0.238 (4505170)
		Postprocessing (GB/s, us): inf (0)