avg_symbol_2len_start_char: 0.000000,0.000000,0.000000,0.000000,0.000000,0.000000,0.000000,0.000000,0.000000,0.000000,8.000000,0.000000,0.000000,0.000000,0.000000,0.000000,0.000000,0.000000,0.000000,0.000000,0.000000,0.000000,0.000000,0.000000,0.000000,0.000000,0.000000,0.000000,0.000000,0.000000,0.000000,0.000000,8.000000,0.000000,0.000000,0.000000,0.000000,0.000000,0.000000,0.000000,0.000000,0.000000,0.000000,0.000000,1.000000,0.000000,1.068966,0.000000,0.000000,0.000000,0.000000,0.000000,0.000000,0.000000,0.000000,0.000000,0.000000,0.000000,0.000000,0.000000,0.000000,0.000000,0.000000,0.000000,0.000000,0.000000,0.000000,0.000000,0.000000,0.000000,0.000000,0.000000,0.000000,0.000000,0.000000,0.000000,0.000000,0.000000,0.000000,0.000000,0.000000,0.000000,0.000000,0.000000,0.000000,0.000000,0.000000,0.000000,0.000000,0.000000,0.000000,0.000000,0.000000,0.000000,0.000000,0.000000,0.000000,6.448276,1.344828,5.655172,2.275862,5.206897,2.793103,1.379310,0.931035,4.862069,0.000000,0.482759,5.931035,0.344828,3.034483,4.517241,2.655172,0.551724,5.862069,4.137931,4.068965,4.241379,0.931035,0.551724,0.206897,2.206897,0.000000,0.000000,0.000000,0.000000,0.000000,0.000000,0.000000,0.000000,0.000000,0.000000,0.000000,0.000000,0.000000,0.000000,0.000000,0.000000,0.000000,0.000000,0.000000,0.000000,0.000000,0.000000,0.000000,0.000000,0.000000,0.000000,0.000000,0.000000,0.000000,0.000000,0.000000,0.000000,0.000000,0.000000,0.000000,0.000000,0.000000,0.000000,0.000000,0.000000,0.000000,0.000000,0.000000,0.000000,0.000000,0.000000,0.000000,0.000000,0.000000,0.000000,0.000000,0.000000,0.000000,0.000000,0.000000,0.000000,0.000000,0.000000,0.000000,0.000000,0.000000,0.000000,0.000000,0.000000,0.000000,0.000000,0.000000,0.000000,0.000000,0.000000,0.000000,0.000000,0.000000,0.000000,0.000000,0.000000,0.000000,0.000000,0.000000,0.000000,0.000000,0.000000,0.000000,0.000000,0.000000,0.000000,0.000000,0.000000,0.000000,0.000000,0.000000,0.000000,0.000000,0.000000,0.000000,0.000000,0.000000,0.000000,0.000000,0.000000,0.000000,0.000000,0.000000,0.000000,0.000000,0.000000,0.000000,0.000000,0.000000,0.000000,0.000000,0.000000,0.000000,0.000000,0.000000,0.000000,0.000000,0.000000,0.000000,0.000000,0.000000,0.000000,0.000000,0.000000,0.000000,0.000000,0.000000,0.000000,0.000000,0.000000,0.000000,0.000000,0.000000,
avg_symbol_len: 36.758621,88.689651,20.793104,14.413794,17.724138,18.310345,13.689655,32.620689,
avg_symbol_cnt: 243.000000
avg_hashtable_usage: 117.551727
avg_shortcodes_usage: 125.448273
max_2len_start_chars: 28
avg_2len_start_chars: 24.379311
max_2len_combinations: 8
avg_2len_combinations: 3.645354
0.352
Cycles (1) completed. Stats:
	Parameters:
		Block size: 33554432
		Input size: 973078528
		Effective table size: 33554432
		File name: ../../thesis-testing/lineitem-1gb/lineitem-comments-1gb-1.txt
	Compression:
		Duration (us): 2809679
		Throughput (GB/s): 0.346
		Compressed size: 346858735
	Decompression:
		Duration (us): 2329196
		Throughput (GB/s): 0.418
		Ratio: 2.8054
	Compression phases:
		Table generation (GB/s, us): 23.139 (42053)
		Precomputation (GB/s, us): inf (0)
		Encoding (GB/s, us): 0.352 (2767498)
		Postprocessing (GB/s, us): inf (0)
avg_symbol_2len_start_char: 0.000000,0.000000,0.000000,0.000000,0.000000,0.000000,0.000000,0.000000,0.000000,0.000000,1.178571,0.000000,0.000000,0.000000,0.000000,0.000000,0.000000,0.000000,0.000000,0.000000,0.000000,0.000000,0.000000,0.000000,0.000000,0.000000,0.000000,0.000000,0.000000,0.000000,0.000000,0.000000,0.000000,0.000000,0.000000,0.000000,0.000000,0.000000,0.000000,0.000000,0.000000,0.000000,0.000000,0.000000,0.000000,0.000000,0.000000,0.000000,7.571429,7.321429,6.857143,7.357143,7.035714,7.285714,6.964286,7.500000,7.178571,7.500000,0.000000,0.000000,0.000000,0.000000,0.000000,0.000000,0.000000,0.000000,0.000000,0.000000,0.000000,0.000000,0.000000,0.000000,0.000000,0.000000,0.000000,0.000000,0.000000,0.000000,0.000000,0.000000,0.000000,0.000000,0.000000,0.000000,0.000000,0.000000,0.000000,0.000000,0.000000,0.000000,0.000000,0.000000,0.000000,0.000000,0.000000,0.000000,0.000000,0.000000,0.000000,0.000000,0.000000,0.142857,0.000000,0.000000,0.000000,0.000000,0.000000,0.000000,0.000000,0.714286,0.000000,0.000000,0.000000,0.000000,0.857143,0.250000,0.857143,0.535714,0.000000,0.000000,0.000000,0.000000,0.000000,0.000000,0.000000,0.000000,0.000000,0.000000,0.000000,0.000000,0.000000,0.000000,0.000000,0.000000,0.000000,0.000000,0.000000,0.000000,0.000000,0.000000,0.000000,0.000000,0.000000,0.000000,0.000000,0.000000,0.000000,0.000000,0.000000,0.000000,0.000000,0.000000,0.000000,0.000000,0.000000,0.000000,0.000000,0.000000,0.000000,0.000000,0.000000,0.000000,0.000000,0.000000,0.000000,0.000000,0.000000,0.000000,0.000000,0.000000,0.000000,0.000000,0.000000,0.000000,0.000000,0.000000,0.000000,0.000000,0.000000,0.000000,0.000000,0.000000,0.000000,0.000000,0.000000,0.000000,0.000000,0.000000,0.000000,0.000000,0.000000,0.000000,0.000000,0.000000,0.000000,0.000000,0.000000,0.000000,0.000000,0.000000,0.000000,0.000000,0.000000,0.000000,0.000000,0.000000,0.000000,0.000000,0.000000,0.000000,0.000000,0.000000,0.000000,0.000000,0.000000,0.000000,0.000000,0.000000,0.000000,0.000000,0.000000,0.000000,0.000000,0.000000,0.000000,0.000000,0.000000,0.000000,0.000000,0.000000,0.000000,0.000000,0.000000,0.000000,0.000000,0.000000,0.000000,0.000000,0.000000,0.000000,0.000000,0.000000,0.000000,0.000000,0.000000,0.000000,0.000000,0.000000,0.000000,0.000000,0.000000,0.000000,0.000000,0.000000,0.000000,
avg_symbol_len: 20.392857,77.107140,26.035715,8.714286,27.321428,29.107143,0.750000,25.107143,
avg_symbol_cnt: 214.535721
avg_hashtable_usage: 117.035713
avg_shortcodes_usage: 97.500000
max_2len_start_chars: 15
avg_2len_start_chars: 13.464286
max_2len_combinations: 8
avg_2len_combinations: 5.767128
0.689
Cycles (1) completed. Stats:
	Parameters:
		Block size: 33554432
		Input size: 939524096
		Effective table size: 33554432
		File name: ../../thesis-testing/customer-1gb/customer-id-1gb-1.txt
	Compression:
		Duration (us): 1391454
		Throughput (GB/s): 0.675
		Compressed size: 269436344
	Decompression:
		Duration (us): 795783
		Throughput (GB/s): 1.181
		Ratio: 3.4870
	Compression phases:
		Table generation (GB/s, us): 34.427 (27290)
		Precomputation (GB/s, us): inf (0)
		Encoding (GB/s, us): 0.689 (1364067)
		Postprocessing (GB/s, us): inf (0)
avg_symbol_2len_start_char: 0.000000,0.000000,0.000000,0.000000,0.000000,0.000000,0.000000,0.000000,0.000000,0.000000,2.125000,0.000000,0.000000,0.000000,0.000000,0.000000,0.000000,0.000000,0.000000,0.000000,0.000000,0.000000,0.000000,0.000000,0.000000,0.000000,0.000000,0.000000,0.000000,0.000000,0.000000,0.000000,2.937500,0.000000,0.000000,0.000000,0.000000,0.000000,0.000000,0.000000,0.000000,0.000000,0.000000,0.000000,1.000000,0.000000,0.000000,0.000000,0.000000,0.000000,0.000000,0.000000,0.000000,0.000000,0.000000,0.000000,0.000000,0.000000,0.000000,0.000000,0.000000,0.000000,0.000000,0.000000,0.000000,0.562500,1.125000,1.718750,0.468750,0.000000,0.125000,0.156250,0.312500,0.500000,0.187500,0.343750,0.781250,1.250000,0.218750,0.000000,0.593750,0.031250,0.000000,0.343750,0.531250,0.437500,0.156250,0.343750,0.000000,0.031250,0.000000,0.000000,0.000000,0.000000,0.000000,0.000000,0.000000,6.937500,1.687500,1.312500,1.718750,5.375000,0.093750,1.781250,2.312500,5.593750,0.156250,0.937500,2.843750,1.218750,4.343750,4.812500,0.218750,0.031250,3.437500,2.281250,3.781250,2.406250,0.687500,0.875000,0.000000,0.875000,0.062500,0.000000,0.000000,0.000000,0.000000,0.000000,0.000000,0.000000,0.000000,0.000000,0.000000,0.000000,0.000000,0.000000,0.000000,0.000000,0.000000,0.000000,0.000000,0.000000,0.000000,0.000000,0.000000,0.000000,0.000000,0.000000,0.000000,0.000000,0.000000,0.000000,0.000000,0.000000,0.000000,0.000000,0.000000,0.000000,0.000000,0.000000,0.000000,0.000000,0.000000,0.000000,0.000000,0.000000,0.000000,0.000000,0.000000,0.000000,0.000000,0.000000,0.000000,0.000000,0.000000,0.000000,0.000000,0.000000,0.000000,0.000000,0.000000,0.000000,0.000000,0.000000,0.000000,0.000000,0.000000,0.000000,0.000000,0.000000,0.000000,0.000000,0.000000,0.000000,0.000000,0.000000,0.000000,0.000000,0.000000,0.000000,0.000000,0.000000,0.000000,0.000000,0.000000,0.000000,0.000000,0.000000,0.000000,0.000000,0.000000,0.000000,0.000000,0.000000,0.000000,0.000000,0.000000,0.000000,0.000000,0.000000,0.000000,0.000000,0.000000,0.000000,0.000000,0.000000,0.000000,0.000000,0.000000,0.000000,0.000000,0.000000,0.000000,0.000000,0.000000,0.000000,0.000000,0.000000,0.000000,0.000000,0.000000,0.000000,0.000000,0.000000,0.000000,0.000000,0.000000,0.000000,0.000000,0.000000,0.000000,0.000000,0.000000,0.000000,0.000000,
avg_symbol_len: 70.843750,72.062500,28.031250,12.718750,12.093750,11.343750,8.312500,28.093750,
avg_symbol_cnt: 243.500000
avg_hashtable_usage: 100.593750
avg_shortcodes_usage: 142.906250
max_2len_start_chars: 32
avg_2len_start_chars: 30.218750
max_2len_combinations: 8
avg_2len_combinations: 2.395887
0.354
Cycles (1) completed. Stats:
	Parameters:
		Block size: 33554432
		Input size: 1073741824
		Effective table size: 33554432
		File name: ../../thesis-testing/gdelt-locations-inflated-1gb/locations.txt
	Compression:
		Duration (us): 3078569
		Throughput (GB/s): 0.349
		Compressed size: 476124147
	Decompression:
		Duration (us): 2100954
		Throughput (GB/s): 0.511
		Ratio: 2.2552
	Compression phases:
		Table generation (GB/s, us): 24.232 (44311)
		Precomputation (GB/s, us): inf (0)
		Encoding (GB/s, us): 0.354 (3034143)
		Postprocessing (GB/s, us): inf (0)
avg_symbol_2len_start_char: 0.000000,0.000000,0.000000,0.000000,0.000000,0.000000,0.000000,0.000000,0.000000,0.000000,7.687500,0.000000,0.000000,0.000000,0.000000,0.000000,0.000000,0.000000,0.000000,0.000000,0.000000,0.000000,0.000000,0.000000,0.000000,0.000000,0.000000,0.000000,0.000000,0.000000,0.000000,0.000000,0.000000,0.000000,0.000000,0.000000,0.000000,0.000000,0.000000,0.000000,0.000000,1.000000,0.000000,0.000000,1.000000,0.000000,0.406250,0.000000,0.000000,0.906250,0.312500,0.000000,0.000000,0.000000,0.000000,0.000000,0.000000,0.000000,0.000000,0.000000,0.000000,0.000000,0.000000,0.000000,0.000000,0.156250,0.125000,1.281250,0.187500,0.000000,0.062500,0.000000,0.125000,0.375000,0.031250,0.000000,0.656250,0.593750,0.218750,0.000000,0.156250,0.000000,0.562500,0.156250,0.062500,0.031250,0.000000,0.187500,0.000000,0.000000,0.000000,0.000000,0.000000,0.000000,0.000000,7.312500,0.000000,8.000000,1.718750,5.312500,4.156250,7.625000,0.125000,2.031250,4.125000,7.687500,0.000000,1.500000,5.781250,3.687500,7.875000,7.531250,2.750000,0.000000,5.937500,7.187500,7.000000,5.812500,2.031250,0.656250,0.000000,2.031250,0.000000,0.000000,0.000000,0.000000,0.000000,0.000000,0.000000,0.000000,0.000000,0.000000,0.000000,0.000000,0.000000,0.000000,0.000000,0.000000,0.000000,0.000000,0.000000,0.000000,0.000000,0.000000,0.000000,0.000000,0.000000,0.000000,0.000000,0.000000,0.000000,0.000000,0.000000,0.000000,0.000000,0.000000,0.000000,0.000000,0.000000,0.000000,0.000000,0.000000,0.000000,0.000000,0.000000,0.000000,0.000000,0.000000,0.000000,0.000000,0.000000,0.000000,0.000000,0.000000,0.000000,0.000000,0.000000,0.000000,0.000000,0.000000,0.000000,0.000000,0.000000,0.000000,0.000000,0.000000,0.000000,0.000000,0.000000,0.000000,0.000000,0.000000,0.000000,0.000000,0.000000,0.000000,0.000000,0.000000,0.000000,0.000000,0.000000,0.000000,0.000000,0.000000,0.000000,0.000000,0.000000,0.000000,0.000000,0.000000,0.000000,0.000000,0.000000,0.000000,0.000000,0.000000,0.000000,0.000000,0.000000,0.000000,0.000000,0.000000,0.000000,0.000000,0.000000,0.000000,0.000000,0.000000,0.000000,0.000000,0.000000,0.000000,0.000000,0.000000,0.000000,0.000000,0.000000,0.000000,0.000000,0.000000,0.000000,0.000000,0.000000,0.000000,0.000000,0.000000,0.000000,0.000000,0.000000,0.000000,0.000000,0.000000,0.000000,0.000000,0.000000,
avg_symbol_len: 80.812500,124.156250,27.281250,6.531250,5.906250,1.281250,1.843750,5.187500,
avg_symbol_cnt: 253.000000
avg_hashtable_usage: 48.031250
avg_shortcodes_usage: 204.968750
max_2len_start_chars: 32
avg_2len_start_chars: 30.593750
max_2len_combinations: 8
avg_2len_combinations: 4.067990
0.239
Cycles (1) completed. Stats:
	Parameters:
		Block size: 33554432
		Input size: 1073741824
		Effective table size: 33554432
		File name: ../../thesis-testing/dbtext-inflated-1gb/output_wiki
	Compression:
		Duration (us): 4576610
		Throughput (GB/s): 0.235
		Compressed size: 676633559
	Decompression:
		Duration (us): 3297650
		Throughput (GB/s): 0.326
		Ratio: 1.5869
	Compression phases:
		Table generation (GB/s, us): 12.902 (83220)
		Precomputation (GB/s, us): inf (0)
		Encoding (GB/s, us): 0.239 (4493271)
		Postprocessing (GB/s, us): inf (0)
avg_symbol_2len_start_char: 0.000000,0.000000,0.000000,0.000000,0.000000,0.000000,0.000000,0.000000,0.000000,0.000000,0.000000,0.000000,0.000000,0.000000,0.000000,0.000000,0.000000,0.000000,0.000000,0.000000,0.000000,0.000000,0.000000,0.000000,0.000000,0.000000,0.000000,0.000000,0.000000,0.000000,0.000000,0.000000,0.000000,0.000000,0.000000,0.000000,0.000000,0.000000,0.000000,0.000000,0.000000,0.000000,0.000000,0.000000,0.000000,7.968750,0.000000,0.000000,7.093750,7.625000,6.875000,7.968750,7.718750,7.875000,7.375000,7.937500,7.218750,8.000000,0.000000,0.000000,0.000000,0.000000,0.000000,0.000000,0.000000,0.000000,0.000000,0.000000,0.000000,0.000000,0.000000,0.000000,0.000000,0.000000,0.000000,0.000000,0.000000,0.000000,0.000000,0.000000,0.000000,0.000000,0.000000,0.000000,0.000000,0.000000,0.000000,0.000000,0.000000,0.000000,0.000000,0.000000,0.000000,0.000000,0.000000,0.000000,0.000000,8.000000,8.000000,8.000000,8.000000,7.937500,7.875000,0.000000,0.000000,0.000000,0.000000,0.000000,0.000000,0.000000,0.000000,0.000000,0.000000,0.000000,0.000000,0.000000,0.000000,0.000000,0.000000,0.000000,0.000000,0.000000,0.000000,0.000000,0.000000,0.000000,0.000000,0.000000,0.000000,0.000000,0.000000,0.000000,0.000000,0.000000,0.000000,0.000000,0.000000,0.000000,0.000000,0.000000,0.000000,0.000000,0.000000,0.000000,0.000000,0.000000,0.000000,0.000000,0.000000,0.000000,0.000000,0.000000,0.000000,0.000000,0.000000,0.000000,0.000000,0.000000,0.000000,0.000000,0.000000,0.000000,0.000000,0.000000,0.000000,0.000000,0.000000,0.000000,0.000000,0.000000,0.000000,0.000000,0.000000,0.000000,0.000000,0.000000,0.000000,0.000000,0.000000,0.000000,0.000000,0.000000,0.000000,0.000000,0.000000,0.000000,0.000000,0.000000,0.000000,0.000000,0.000000,0.000000,0.000000,0.000000,0.000000,0.000000,0.000000,0.000000,0.000000,0.000000,0.000000,0.000000,0.000000,0.000000,0.000000,0.000000,0.000000,0.000000,0.000000,0.000000,0.000000,0.000000,0.000000,0.000000,0.000000,0.000000,0.000000,0.000000,0.000000,0.000000,0.000000,0.000000,0.000000,0.000000,0.000000,0.000000,0.000000,0.000000,0.000000,0.000000,0.000000,0.000000,0.000000,0.000000,0.000000,0.000000,0.000000,0.000000,0.000000,0.000000,0.000000,0.000000,0.000000,0.000000,0.000000,0.000000,0.000000,0.000000,0.000000,0.000000,0.000000,0.000000,0.000000,0.000000,0.000000,
avg_symbol_len: 19.000000,131.468750,3.031250,16.781250,0.375000,3.531250,1.000000,10.062500,
avg_symbol_cnt: 185.250000
avg_hashtable_usage: 34.781250
avg_shortcodes_usage: 150.468750
max_2len_start_chars: 17
avg_2len_start_chars: 17.000000
max_2len_combinations: 8
avg_2len_combinations: 7.733457
0.322
Cycles (1) completed. Stats:
	Parameters:
		Block size: 33554432
		Input size: 1073741824
		Effective table size: 33554432
		File name: ../../thesis-testing/dbtext-inflated-1gb/output_uuid
	Compression:
		Duration (us): 3405488
		Throughput (GB/s): 0.315
		Compressed size: 510583504
	Decompression:
		Duration (us): 2286022
		Throughput (GB/s): 0.470
		Ratio: 2.1030
	Compression phases:
		Table generation (GB/s, us): 15.261 (70358)
		Precomputation (GB/s, us): inf (0)
		Encoding (GB/s, us): 0.322 (3335019)
		Postprocessing (GB/s, us): inf (0)
avg_symbol_2len_start_char: 0.000000,0.000000,0.000000,0.000000,0.000000,0.000000,0.000000,0.000000,0.000000,0.000000,4.937500,0.000000,0.000000,0.000000,0.000000,0.000000,0.000000,0.000000,0.000000,0.000000,0.000000,0.000000,0.000000,0.000000,0.000000,0.000000,0.000000,0.000000,0.000000,0.000000,0.000000,0.000000,0.000000,0.000000,0.000000,0.000000,0.000000,0.000000,0.000000,0.000000,0.000000,0.000000,0.000000,0.000000,0.000000,0.000000,2.312500,0.000000,0.500000,1.812500,0.875000,0.437500,0.343750,0.281250,0.375000,0.281250,0.218750,0.468750,0.000000,0.000000,0.000000,0.000000,0.000000,0.000000,1.218750,0.000000,0.000000,0.000000,0.000000,0.000000,0.000000,0.000000,0.000000,0.000000,0.000000,0.000000,0.000000,0.000000,0.000000,0.000000,0.000000,0.000000,0.000000,0.000000,0.000000,0.000000,0.000000,0.000000,0.000000,0.000000,0.000000,0.000000,0.000000,0.000000,0.000000,0.031250,0.000000,6.937500,4.625000,4.906250,4.468750,6.812500,1.718750,4.031250,3.625000,6.531250,1.468750,3.281250,6.156250,6.218750,7.218750,5.718750,3.187500,0.031250,5.625000,7.312500,6.500000,4.625000,2.687500,2.062500,0.500000,1.968750,0.062500,0.000000,0.000000,0.000000,0.000000,0.000000,0.000000,0.000000,0.000000,0.000000,0.000000,0.000000,0.000000,0.000000,0.000000,0.000000,0.000000,0.000000,0.000000,0.000000,0.000000,0.000000,0.000000,0.000000,0.000000,0.000000,0.000000,0.000000,0.000000,0.000000,0.000000,0.000000,0.000000,0.000000,0.000000,0.000000,0.000000,0.000000,0.000000,0.000000,0.000000,0.000000,0.000000,0.000000,0.000000,0.000000,0.000000,0.000000,0.000000,0.000000,0.000000,0.000000,0.000000,0.000000,0.000000,0.000000,0.000000,0.000000,0.000000,0.000000,0.000000,0.000000,0.000000,0.000000,0.000000,0.000000,0.000000,0.000000,0.000000,0.000000,0.000000,0.000000,0.000000,0.000000,0.000000,0.000000,0.000000,0.000000,0.000000,0.000000,0.000000,0.000000,0.000000,0.000000,0.000000,0.000000,0.000000,0.000000,0.000000,0.000000,0.000000,0.000000,0.000000,0.000000,0.000000,0.000000,0.000000,0.000000,0.000000,0.000000,0.000000,0.000000,0.000000,0.000000,0.000000,0.000000,0.000000,0.000000,0.000000,0.000000,0.000000,0.000000,0.000000,0.000000,0.000000,0.000000,0.000000,0.000000,0.000000,0.000000,0.000000,0.000000,0.000000,0.000000,0.000000,0.000000,0.000000,0.000000,0.000000,0.000000,0.000000,0.000000,0.000000,
avg_symbol_len: 42.187500,122.375000,19.750000,5.312500,6.031250,8.250000,3.750000,25.218750,
avg_symbol_cnt: 232.875000
avg_hashtable_usage: 68.312500
avg_shortcodes_usage: 164.562500
max_2len_start_chars: 32
avg_2len_start_chars: 30.593750
max_2len_combinations: 8
avg_2len_combinations: 4.009907
0.289
Cycles (1) completed. Stats:
	Parameters:
		Block size: 33554432
		Input size: 1073741824
		Effective table size: 33554432
		File name: ../../thesis-testing/dbtext-inflated-1gb/output_email
	Compression:
		Duration (us): 3784669
		Throughput (GB/s): 0.284
		Compressed size: 527603710
	Decompression:
		Duration (us): 2923931
		Throughput (GB/s): 0.367
		Ratio: 2.0351
	Compression phases:
		Table generation (GB/s, us): 14.874 (72189)
		Precomputation (GB/s, us): inf (0)
		Encoding (GB/s, us): 0.289 (3712375)
		Postprocessing (GB/s, us): inf (0)
avg_symbol_2len_start_char: 0.000000,0.000000,0.000000,0.000000,0.000000,0.000000,0.000000,0.000000,0.000000,0.000000,8.000000,0.000000,0.000000,0.000000,0.000000,0.000000,0.000000,0.000000,0.000000,0.000000,0.000000,0.000000,0.000000,0.000000,0.000000,0.000000,0.000000,0.000000,0.000000,0.000000,0.000000,0.000000,0.000000,0.000000,0.000000,0.000000,0.000000,0.000000,0.000000,0.000000,0.000000,0.000000,0.000000,0.000000,0.000000,0.000000,0.000000,0.000000,7.156250,8.000000,8.000000,8.000000,8.000000,8.000000,7.937500,8.000000,8.000000,8.000000,0.000000,0.000000,0.000000,0.000000,0.000000,0.000000,0.000000,8.000000,8.000000,8.000000,8.000000,8.000000,8.000000,0.000000,0.000000,0.000000,0.000000,0.000000,0.000000,0.000000,0.000000,0.000000,0.000000,0.000000,0.000000,0.000000,0.000000,0.000000,0.000000,0.000000,0.000000,0.000000,0.000000,0.000000,0.000000,0.000000,0.000000,0.000000,0.000000,0.000000,0.000000,0.000000,0.000000,0.000000,0.000000,0.000000,0.000000,0.000000,0.000000,0.000000,0.000000,0.000000,0.000000,0.000000,0.000000,0.000000,0.000000,0.000000,0.000000,0.000000,0.000000,0.000000,0.000000,0.000000,0.000000,0.000000,0.000000,0.000000,0.000000,0.000000,0.000000,0.000000,0.000000,0.000000,0.000000,0.000000,0.000000,0.000000,0.000000,0.000000,0.000000,0.000000,0.000000,0.000000,0.000000,0.000000,0.000000,0.000000,0.000000,0.000000,0.000000,0.000000,0.000000,0.000000,0.000000,0.000000,0.000000,0.000000,0.000000,0.000000,0.000000,0.000000,0.000000,0.000000,0.000000,0.000000,0.000000,0.000000,0.000000,0.000000,0.000000,0.000000,0.000000,0.000000,0.000000,0.000000,0.000000,0.000000,0.000000,0.000000,0.000000,0.000000,0.000000,0.000000,0.000000,0.000000,0.000000,0.000000,0.000000,0.000000,0.000000,0.000000,0.000000,0.000000,0.000000,0.000000,0.000000,0.000000,0.000000,0.000000,0.000000,0.000000,0.000000,0.000000,0.000000,0.000000,0.000000,0.000000,0.000000,0.000000,0.000000,0.000000,0.000000,0.000000,0.000000,0.000000,0.000000,0.000000,0.000000,0.000000,0.000000,0.000000,0.000000,0.000000,0.000000,0.000000,0.000000,0.000000,0.000000,0.000000,0.000000,0.000000,0.000000,0.000000,0.000000,0.000000,0.000000,0.000000,0.000000,0.000000,0.000000,0.000000,0.000000,0.000000,0.000000,0.000000,0.000000,0.000000,0.000000,0.000000,0.000000,0.000000,0.000000,0.000000,0.000000,0.000000,0.000000,
avg_symbol_len: 18.000000,135.093750,0.000000,0.000000,0.000000,0.000000,0.000000,0.000000,
avg_symbol_cnt: 153.093750
avg_hashtable_usage: 0.000000
avg_shortcodes_usage: 153.093750
max_2len_start_chars: 17
avg_2len_start_chars: 17.000000
max_2len_combinations: 8
avg_2len_combinations: 7.946692
0.236
Cycles (1) completed. Stats:
	Parameters:
		Block size: 33554432
		Input size: 1073741824
		Effective table size: 33554432
		File name: ../../thesis-testing/dbtext-inflated-1gb/output_hex
	Compression:
		Duration (us): 4650038
		Throughput (GB/s): 0.231
		Compressed size: 712550953
	Decompression:
		Duration (us): 2984220
		Throughput (GB/s): 0.360
		Ratio: 1.5069
	Compression phases:
		Table generation (GB/s, us): 11.188 (95972)
		Precomputation (GB/s, us): inf (0)
		Encoding (GB/s, us): 0.236 (4553950)
		Postprocessing (GB/s, us): inf (0)
avg_symbol_2len_start_char: 0.000000,0.000000,0.000000,0.000000,0.000000,0.000000,0.000000,0.000000,0.000000,0.000000,0.000000,0.000000,0.000000,0.000000,0.000000,0.000000,0.000000,0.000000,0.000000,0.000000,0.000000,0.000000,0.000000,0.000000,0.000000,0.000000,0.000000,0.000000,0.000000,0.000000,0.000000,0.000000,0.000000,0.000000,0.000000,0.000000,0.000000,0.000000,0.000000,0.000000,0.000000,0.000000,0.000000,0.000000,0.000000,3.000000,1.218750,3.625000,4.218750,3.656250,4.000000,2.250000,1.562500,1.843750,1.031250,1.187500,1.000000,1.125000,5.500000,0.000000,0.000000,0.000000,0.000000,0.000000,0.000000,0.125000,0.000000,0.000000,0.000000,0.000000,0.000000,0.000000,0.000000,0.000000,0.000000,0.000000,0.000000,0.000000,0.000000,0.000000,0.031250,0.000000,0.000000,0.000000,2.718750,0.000000,0.000000,0.000000,0.000000,0.000000,0.000000,0.000000,0.000000,0.000000,0.000000,0.156250,0.000000,5.343750,0.000000,3.750000,0.968750,4.625000,0.031250,1.437500,0.656250,2.718750,0.000000,0.000000,3.500000,1.875000,2.218750,2.625000,0.312500,0.750000,2.968750,3.125000,1.625000,1.968750,0.968750,1.156250,0.000000,0.000000,0.000000,0.000000,0.000000,0.000000,0.000000,0.000000,0.000000,0.000000,0.000000,0.000000,0.000000,0.000000,0.000000,0.000000,0.000000,0.000000,0.000000,0.000000,0.000000,0.000000,0.000000,0.000000,0.000000,0.000000,0.000000,0.000000,0.000000,0.000000,0.000000,0.000000,0.000000,0.000000,0.000000,0.000000,0.000000,0.000000,0.000000,0.000000,0.000000,0.000000,0.000000,0.000000,0.000000,0.000000,0.000000,0.000000,0.000000,0.000000,0.000000,0.000000,0.000000,0.000000,0.000000,0.000000,0.000000,0.000000,0.000000,0.000000,0.000000,0.000000,0.000000,0.000000,0.000000,0.000000,0.000000,0.000000,0.000000,0.000000,0.000000,0.000000,0.000000,0.000000,0.000000,0.000000,0.000000,0.000000,0.000000,0.000000,0.000000,0.000000,0.000000,0.000000,0.000000,0.000000,0.000000,0.000000,0.000000,0.000000,0.000000,0.000000,0.000000,0.000000,0.000000,0.000000,0.000000,0.000000,0.000000,0.000000,0.000000,0.000000,0.000000,0.000000,0.031250,0.000000,0.000000,0.000000,0.000000,0.000000,0.000000,0.000000,0.000000,0.000000,0.000000,0.000000,0.000000,0.000000,0.000000,0.000000,0.000000,0.000000,0.000000,0.000000,0.000000,0.000000,0.000000,0.000000,0.000000,0.000000,0.000000,0.000000,0.000000,0.000000,0.000000,
avg_symbol_len: 81.187500,80.906250,18.656250,9.437500,20.468750,6.750000,6.343750,28.562500,
avg_symbol_cnt: 252.312500
avg_hashtable_usage: 90.218750
avg_shortcodes_usage: 162.093750
max_2len_start_chars: 32
avg_2len_start_chars: 30.500000
max_2len_combinations: 8
avg_2len_combinations: 2.656722
0.406
Cycles (1) completed. Stats:
	Parameters:
		Block size: 33554432
		Input size: 1073741824
		Effective table size: 33554432
		File name: ../../thesis-testing/dbtext-inflated-1gb/output_urls
	Compression:
		Duration (us): 2693740
		Throughput (GB/s): 0.399
		Compressed size: 438824609
	Decompression:
		Duration (us): 1768067
		Throughput (GB/s): 0.607
		Ratio: 2.4469
	Compression phases:
		Table generation (GB/s, us): 22.677 (47350)
		Precomputation (GB/s, us): inf (0)
		Encoding (GB/s, us): 0.406 (2646281)
		Postprocessing (GB/s, us): inf (0)
avg_symbol_2len_start_char: 0.000000,0.000000,0.000000,0.000000,0.000000,0.000000,0.000000,0.000000,0.000000,0.000000,7.625000,0.000000,0.000000,0.000000,0.000000,0.000000,0.000000,0.000000,0.000000,0.000000,0.000000,0.000000,0.000000,0.000000,0.000000,0.000000,0.000000,0.000000,0.000000,0.000000,0.000000,0.000000,0.000000,0.000000,0.000000,0.000000,0.000000,0.000000,0.000000,0.000000,0.000000,1.000000,0.000000,0.000000,1.000000,0.000000,0.906250,0.000000,0.000000,0.500000,0.000000,0.000000,0.000000,0.000000,0.000000,0.000000,0.000000,0.000000,0.000000,0.000000,0.000000,0.000000,0.000000,0.000000,0.000000,0.031250,0.312500,1.750000,0.375000,0.000000,0.000000,0.312500,0.281250,0.375000,0.156250,0.093750,0.312500,1.125000,0.406250,0.000000,0.250000,0.000000,0.218750,0.500000,0.156250,0.000000,0.031250,0.218750,0.000000,0.000000,0.000000,0.000000,0.000000,0.000000,0.000000,7.718750,0.000000,8.000000,1.156250,4.656250,4.312500,7.906250,0.343750,1.937500,4.093750,7.906250,0.000000,2.375000,5.875000,3.093750,7.843750,7.750000,2.312500,0.000000,6.750000,5.843750,6.968750,5.812500,2.437500,0.812500,0.000000,2.062500,0.000000,0.000000,0.000000,0.000000,0.000000,0.000000,0.000000,0.000000,0.000000,0.000000,0.000000,0.000000,0.000000,0.000000,0.000000,0.000000,0.000000,0.000000,0.000000,0.000000,0.000000,0.000000,0.000000,0.000000,0.000000,0.000000,0.000000,0.000000,0.000000,0.000000,0.000000,0.000000,0.000000,0.000000,0.000000,0.000000,0.000000,0.000000,0.000000,0.000000,0.000000,0.000000,0.000000,0.000000,0.000000,0.000000,0.000000,0.000000,0.000000,0.000000,0.000000,0.000000,0.000000,0.000000,0.000000,0.000000,0.000000,0.000000,0.000000,0.000000,0.000000,0.000000,0.000000,0.000000,0.000000,0.000000,0.000000,0.000000,0.000000,0.000000,0.000000,0.000000,0.000000,0.000000,0.000000,0.000000,0.000000,0.000000,0.000000,0.000000,0.000000,0.000000,0.000000,0.000000,0.000000,0.000000,0.000000,0.000000,0.000000,0.000000,0.000000,0.000000,0.000000,0.000000,0.000000,0.000000,0.000000,0.000000,0.000000,0.000000,0.000000,0.000000,0.000000,0.000000,0.000000,0.000000,0.000000,0.000000,0.000000,0.000000,0.000000,0.000000,0.000000,0.000000,0.000000,0.000000,0.000000,0.000000,0.000000,0.000000,0.000000,0.000000,0.000000,0.000000,0.000000,0.000000,0.000000,0.000000,0.000000,0.000000,0.000000,0.000000,0.000000,
avg_symbol_len: 86.812500,125.906250,31.375000,3.781250,2.468750,1.125000,0.968750,0.312500,
avg_symbol_cnt: 252.750000
avg_hashtable_usage: 40.031250
avg_shortcodes_usage: 212.718750
max_2len_start_chars: 32
avg_2len_start_chars: 31.937500
max_2len_combinations: 8
avg_2len_combinations: 3.943044
0.231
Cycles (1) completed. Stats:
	Parameters:
		Block size: 33554432
		Input size: 1073741824
		Effective table size: 33554432
		File name: ../../thesis-testing/dbtext-inflated-1gb/output_yago
	Compression:
		Duration (us): 4729915
		Throughput (GB/s): 0.227
		Compressed size: 692566923
	Decompression:
		Duration (us): 3319383
		Throughput (GB/s): 0.323
		Ratio: 1.5504
	Compression phases:
		Table generation (GB/s, us): 12.527 (85716)
		Precomputation (GB/s, us): inf (0)
		Encoding (GB/s, us): 0.231 (4644062)
		Postprocessing (GB/s, us): inf (0)
avg_symbol_2len_start_char: 0.000000,0.000000,0.000000,0.000000,0.000000,0.000000,0.000000,0.000000,0.000000,0.000000,0.000000,0.000000,0.000000,0.000000,0.000000,0.000000,0.000000,0.000000,0.000000,0.000000,0.000000,0.000000,0.000000,0.000000,0.000000,0.000000,0.000000,0.000000,0.000000,0.000000,0.000000,0.000000,0.000000,0.000000,0.000000,0.000000,0.000000,0.093750,0.031250,0.000000,0.000000,0.000000,0.000000,0.000000,0.031250,1.187500,0.968750,4.093750,0.937500,1.562500,0.937500,0.000000,0.031250,0.000000,0.000000,0.000000,0.000000,0.031250,0.000000,0.000000,0.000000,0.062500,0.000000,0.000000,0.000000,0.062500,0.031250,0.312500,0.000000,0.000000,0.000000,0.000000,0.000000,0.000000,0.000000,0.000000,0.000000,0.312500,0.000000,0.000000,0.000000,0.000000,0.000000,0.000000,0.000000,0.000000,0.000000,0.000000,0.000000,0.000000,0.000000,0.000000,0.000000,0.000000,0.000000,2.875000,0.000000,7.812500,3.218750,5.125000,2.937500,7.625000,1.375000,2.687500,3.156250,7.531250,0.000000,0.593750,5.031250,3.125000,5.843750,6.375000,4.125000,0.000000,4.781250,7.781250,6.593750,4.750000,2.031250,0.625000,0.000000,0.687500,0.000000,0.000000,0.000000,0.000000,0.000000,0.000000,0.000000,0.000000,0.000000,0.000000,0.000000,0.000000,0.000000,0.000000,0.000000,0.000000,0.000000,0.000000,0.000000,0.000000,0.000000,0.000000,0.000000,0.000000,0.000000,0.000000,0.000000,0.000000,0.000000,0.000000,0.000000,0.000000,0.000000,0.000000,0.000000,0.000000,0.000000,0.000000,0.000000,0.000000,0.000000,0.000000,0.000000,0.000000,0.000000,0.000000,0.000000,0.000000,0.000000,0.000000,0.000000,0.000000,0.000000,0.000000,0.000000,0.000000,0.000000,0.000000,0.000000,0.000000,0.000000,0.000000,0.000000,0.000000,0.000000,0.000000,0.000000,0.000000,0.000000,0.000000,0.000000,0.000000,0.000000,0.000000,0.000000,0.000000,0.000000,0.000000,0.000000,0.000000,0.000000,0.000000,0.000000,0.000000,0.000000,0.000000,0.000000,0.000000,0.000000,0.000000,0.000000,0.000000,0.000000,0.000000,0.000000,0.000000,0.000000,0.000000,0.000000,0.000000,0.000000,0.000000,0.000000,0.000000,0.000000,0.000000,0.000000,0.000000,0.000000,0.000000,0.000000,0.000000,0.000000,0.000000,0.000000,0.000000,0.000000,0.000000,0.000000,0.000000,0.000000,0.000000,0.000000,0.000000,0.000000,0.000000,0.000000,0.000000,0.000000,0.000000,0.000000,0.000000,0.000000,
avg_symbol_len: 76.625000,107.375000,16.812500,7.031250,12.375000,3.718750,7.062500,21.781250,
avg_symbol_cnt: 252.781250
avg_hashtable_usage: 68.781250
avg_shortcodes_usage: 184.000000
max_2len_start_chars: 31
avg_2len_start_chars: 27.156250
max_2len_combinations: 8
avg_2len_combinations: 3.964304
0.317
Cycles (1) completed. Stats:
	Parameters:
		Block size: 33554432
		Input size: 1073741824
		Effective table size: 33554432
		File name: ../../thesis-testing/dbtext-inflated-1gb/output_urls2
	Compression:
		Duration (us): 3450735
		Throughput (GB/s): 0.311
		Compressed size: 518364398
	Decompression:
		Duration (us): 2574864
		Throughput (GB/s): 0.417
		Ratio: 2.0714
	Compression phases:
		Table generation (GB/s, us): 16.402 (65465)
		Precomputation (GB/s, us): inf (0)
		Encoding (GB/s, us): 0.317 (3385129)
		Postprocessing (GB/s, us): inf (0)

2.8054,
3.4870,
2.2552,
1.5869,
2.1030,
2.0351,
1.5069,
2.4469,
1.5504,
2.0714,
TPC-H:  3.1462
GDelt:  2.2552
DBtext: 1.9001