avg_symbol_2len_start_char: 0.000000,0.000000,0.000000,0.000000,0.000000,0.000000,0.000000,0.000000,0.000000,0.000000,8.000000,0.000000,0.000000,0.000000,0.000000,0.000000,0.000000,0.000000,0.000000,0.000000,0.000000,0.000000,0.000000,0.000000,0.000000,0.000000,0.000000,0.000000,0.000000,0.000000,0.000000,0.000000,8.000000,0.000000,0.000000,0.000000,0.000000,0.000000,0.000000,0.000000,0.000000,0.000000,0.000000,0.000000,1.000000,0.000000,1.000000,0.000000,0.000000,0.000000,0.000000,0.000000,0.000000,0.000000,0.000000,0.000000,0.000000,0.000000,0.000000,0.000000,0.000000,0.000000,0.000000,0.000000,0.000000,0.000000,0.000000,0.000000,0.000000,0.000000,0.000000,0.000000,0.000000,0.000000,0.000000,0.000000,0.000000,0.000000,0.000000,0.000000,0.000000,0.000000,0.000000,0.000000,0.000000,0.000000,0.000000,0.000000,0.000000,0.000000,0.000000,0.000000,0.000000,0.000000,0.000000,0.000000,0.000000,6.000000,1.142857,5.285714,1.857143,5.000000,3.000000,2.571429,1.142857,4.857143,0.000000,0.428571,6.428571,0.428571,2.142857,3.571429,2.714286,0.571429,5.000000,4.428571,4.857143,4.000000,1.000000,0.428571,0.428571,2.285714,0.000000,0.000000,0.000000,0.000000,0.000000,0.000000,0.000000,0.000000,0.000000,0.000000,0.000000,0.000000,0.000000,0.000000,0.000000,0.000000,0.000000,0.000000,0.000000,0.000000,0.000000,0.000000,0.000000,0.000000,0.000000,0.000000,0.000000,0.000000,0.000000,0.000000,0.000000,0.000000,0.000000,0.000000,0.000000,0.000000,0.000000,0.000000,0.000000,0.000000,0.000000,0.000000,0.000000,0.000000,0.000000,0.000000,0.000000,0.000000,0.000000,0.000000,0.000000,0.000000,0.000000,0.000000,0.000000,0.000000,0.000000,0.000000,0.000000,0.000000,0.000000,0.000000,0.000000,0.000000,0.000000,0.000000,0.000000,0.000000,0.000000,0.000000,0.000000,0.000000,0.000000,0.000000,0.000000,0.000000,0.000000,0.000000,0.000000,0.000000,0.000000,0.000000,0.000000,0.000000,0.000000,0.000000,0.000000,0.000000,0.000000,0.000000,0.000000,0.000000,0.000000,0.000000,0.000000,0.000000,0.000000,0.000000,0.000000,0.000000,0.000000,0.000000,0.000000,0.000000,0.000000,0.000000,0.000000,0.000000,0.000000,0.000000,0.000000,0.000000,0.000000,0.000000,0.000000,0.000000,0.000000,0.000000,0.000000,0.000000,0.000000,0.000000,0.000000,0.000000,0.000000,0.000000,0.000000,0.000000,0.000000,0.000000,0.000000,0.000000,0.000000,
avg_symbol_len: 36.857143,87.571426,21.428572,13.857142,16.714285,18.142857,12.571428,33.142857,
avg_symbol_cnt: 240.285721
avg_hashtable_usage: 115.857140
avg_shortcodes_usage: 124.428574
max_2len_start_chars: 26
avg_2len_start_chars: 25.000000
max_2len_combinations: 8
avg_2len_combinations: 3.505825
0.353
Cycles (1) completed. Stats:
	Parameters:
		Block size: 134217728
		Input size: 939524096
		Effective table size: 134217728
		File name: ../../thesis-testing/lineitem-1gb/lineitem-comments-1gb-1.txt
	Compression:
		Duration (us): 2670216
		Throughput (GB/s): 0.352
		Compressed size: 334120707
	Decompression:
		Duration (us): 2230287
		Throughput (GB/s): 0.421
		Ratio: 2.8119
	Compression phases:
		Table generation (GB/s, us): 90.740 (10354)
		Precomputation (GB/s, us): inf (0)
		Encoding (GB/s, us): 0.353 (2659784)
		Postprocessing (GB/s, us): inf (0)
avg_symbol_2len_start_char: 0.000000,0.000000,0.000000,0.000000,0.000000,0.000000,0.000000,0.000000,0.000000,0.000000,1.000000,0.000000,0.000000,0.000000,0.000000,0.000000,0.000000,0.000000,0.000000,0.000000,0.000000,0.000000,0.000000,0.000000,0.000000,0.000000,0.000000,0.000000,0.000000,0.000000,0.000000,0.000000,0.000000,0.000000,0.000000,0.142857,0.000000,0.000000,0.000000,0.000000,0.000000,0.000000,0.000000,0.000000,0.000000,0.000000,0.000000,0.000000,7.285714,7.428571,6.000000,7.571429,7.142857,7.714286,7.857143,7.142857,6.142857,7.285714,0.000000,0.000000,0.000000,0.000000,0.000000,0.000000,0.000000,0.000000,0.000000,0.000000,0.000000,0.000000,0.000000,0.000000,0.000000,0.000000,0.000000,0.000000,0.000000,0.000000,0.000000,0.000000,0.000000,0.000000,0.000000,0.000000,0.000000,0.000000,0.000000,0.000000,0.000000,0.000000,0.000000,0.000000,0.000000,0.000000,0.000000,0.000000,0.000000,0.000000,0.000000,0.000000,0.000000,0.428571,0.000000,0.000000,0.000000,0.000000,0.000000,0.000000,0.000000,0.571429,0.000000,0.000000,0.000000,0.000000,1.142857,0.285714,1.142857,0.142857,0.000000,0.000000,0.000000,0.000000,0.000000,0.000000,0.000000,0.000000,0.000000,0.000000,0.000000,0.000000,0.000000,0.000000,0.000000,0.000000,0.000000,0.000000,0.000000,0.000000,0.000000,0.000000,0.000000,0.000000,0.000000,0.000000,0.000000,0.000000,0.000000,0.000000,0.000000,0.000000,0.000000,0.000000,0.000000,0.000000,0.000000,0.000000,0.000000,0.000000,0.000000,0.000000,0.000000,0.000000,0.000000,0.000000,0.000000,0.000000,0.000000,0.000000,0.000000,0.000000,0.000000,0.000000,0.000000,0.000000,0.000000,0.000000,0.000000,0.000000,0.000000,0.000000,0.000000,0.000000,0.000000,0.000000,0.000000,0.000000,0.000000,0.000000,0.000000,0.000000,0.000000,0.000000,0.000000,0.000000,0.000000,0.000000,0.000000,0.000000,0.000000,0.000000,0.000000,0.000000,0.000000,0.000000,0.000000,0.000000,0.000000,0.000000,0.000000,0.000000,0.000000,0.000000,0.000000,0.000000,0.000000,0.000000,0.000000,0.000000,0.000000,0.000000,0.000000,0.000000,0.000000,0.000000,0.000000,0.000000,0.000000,0.000000,0.000000,0.000000,0.000000,0.000000,0.000000,0.000000,0.000000,0.000000,0.000000,0.000000,0.000000,0.000000,0.000000,0.000000,0.000000,0.000000,0.000000,0.000000,0.000000,0.000000,0.000000,0.000000,0.000000,0.000000,0.000000,0.000000,0.000000,
avg_symbol_len: 20.714285,76.428574,19.857143,6.571429,28.714285,39.285713,0.571429,18.428572,
avg_symbol_cnt: 210.571426
avg_hashtable_usage: 113.428574
avg_shortcodes_usage: 97.142860
max_2len_start_chars: 16
avg_2len_start_chars: 14.428572
max_2len_combinations: 8
avg_2len_combinations: 5.325340
0.669
Cycles (1) completed. Stats:
	Parameters:
		Block size: 134217728
		Input size: 939524096
		Effective table size: 134217728
		File name: ../../thesis-testing/customer-1gb/customer-id-1gb-1.txt
	Compression:
		Duration (us): 1411091
		Throughput (GB/s): 0.666
		Compressed size: 281634900
	Decompression:
		Duration (us): 794318
		Throughput (GB/s): 1.183
		Ratio: 3.3360
	Compression phases:
		Table generation (GB/s, us): 135.300 (6944)
		Precomputation (GB/s, us): inf (0)
		Encoding (GB/s, us): 0.669 (1404077)
		Postprocessing (GB/s, us): inf (0)
avg_symbol_2len_start_char: 0.000000,0.000000,0.000000,0.000000,0.000000,0.000000,0.000000,0.000000,0.000000,0.000000,3.250000,0.000000,0.000000,0.000000,0.000000,0.000000,0.000000,0.000000,0.000000,0.000000,0.000000,0.000000,0.000000,0.000000,0.000000,0.000000,0.000000,0.000000,0.000000,0.000000,0.000000,0.000000,2.875000,0.000000,0.000000,0.000000,0.000000,0.000000,0.000000,0.000000,0.000000,0.000000,0.000000,0.000000,1.000000,0.000000,0.000000,0.000000,0.000000,0.000000,0.000000,0.000000,0.000000,0.000000,0.000000,0.000000,0.000000,0.000000,0.000000,0.000000,0.000000,0.000000,0.000000,0.000000,0.000000,0.625000,1.000000,1.500000,0.375000,0.000000,0.125000,0.125000,0.500000,0.625000,0.125000,0.625000,0.750000,1.000000,0.000000,0.000000,0.500000,0.000000,0.000000,0.250000,0.375000,0.500000,0.125000,0.125000,0.000000,0.000000,0.000000,0.000000,0.000000,0.000000,0.000000,0.000000,0.000000,6.000000,1.750000,1.500000,1.375000,5.500000,0.000000,1.125000,2.250000,5.750000,0.000000,0.875000,2.750000,1.125000,4.625000,4.375000,0.250000,0.000000,3.125000,2.875000,3.875000,3.125000,0.500000,0.875000,0.000000,1.000000,0.125000,0.000000,0.000000,0.000000,0.000000,0.000000,0.000000,0.000000,0.000000,0.000000,0.000000,0.000000,0.000000,0.000000,0.000000,0.000000,0.000000,0.000000,0.000000,0.000000,0.000000,0.000000,0.000000,0.000000,0.000000,0.000000,0.000000,0.000000,0.000000,0.000000,0.000000,0.000000,0.000000,0.000000,0.000000,0.000000,0.000000,0.000000,0.000000,0.000000,0.000000,0.000000,0.000000,0.000000,0.000000,0.000000,0.000000,0.000000,0.000000,0.000000,0.000000,0.000000,0.000000,0.000000,0.000000,0.000000,0.000000,0.000000,0.000000,0.000000,0.000000,0.000000,0.000000,0.000000,0.000000,0.000000,0.000000,0.000000,0.000000,0.000000,0.000000,0.000000,0.000000,0.000000,0.000000,0.000000,0.000000,0.000000,0.000000,0.000000,0.000000,0.000000,0.000000,0.000000,0.000000,0.000000,0.000000,0.000000,0.000000,0.000000,0.000000,0.000000,0.000000,0.000000,0.000000,0.000000,0.000000,0.000000,0.000000,0.000000,0.000000,0.000000,0.000000,0.000000,0.000000,0.000000,0.000000,0.000000,0.000000,0.000000,0.000000,0.000000,0.000000,0.000000,0.000000,0.000000,0.000000,0.000000,0.000000,0.000000,0.000000,0.000000,0.000000,0.000000,0.000000,0.000000,0.000000,0.000000,0.000000,0.000000,0.000000,0.000000,0.000000,
avg_symbol_len: 71.250000,71.125000,27.500000,11.000000,10.875000,10.500000,8.375000,33.000000,
avg_symbol_cnt: 243.625000
avg_hashtable_usage: 101.250000
avg_shortcodes_usage: 142.375000
max_2len_start_chars: 32
avg_2len_start_chars: 29.625000
max_2len_combinations: 8
avg_2len_combinations: 2.419611
0.352
Cycles (1) completed. Stats:
	Parameters:
		Block size: 134217728
		Input size: 1073741824
		Effective table size: 134217728
		File name: ../../thesis-testing/gdelt-locations-inflated-1gb/locations.txt
	Compression:
		Duration (us): 3061971
		Throughput (GB/s): 0.351
		Compressed size: 478578887
	Decompression:
		Duration (us): 2083463
		Throughput (GB/s): 0.515
		Ratio: 2.2436
	Compression phases:
		Table generation (GB/s, us): 96.317 (11148)
		Precomputation (GB/s, us): inf (0)
		Encoding (GB/s, us): 0.352 (3050742)
		Postprocessing (GB/s, us): inf (0)
avg_symbol_2len_start_char: 0.000000,0.000000,0.000000,0.000000,0.000000,0.000000,0.000000,0.000000,0.000000,0.000000,7.375000,0.000000,0.000000,0.000000,0.000000,0.000000,0.000000,0.000000,0.000000,0.000000,0.000000,0.000000,0.000000,0.000000,0.000000,0.000000,0.000000,0.000000,0.000000,0.000000,0.000000,0.000000,0.000000,0.000000,0.000000,0.000000,0.000000,0.000000,0.000000,0.000000,0.000000,1.000000,0.000000,0.000000,1.000000,0.000000,0.250000,0.000000,0.000000,0.875000,0.250000,0.000000,0.000000,0.000000,0.000000,0.000000,0.000000,0.000000,0.000000,0.000000,0.000000,0.000000,0.000000,0.000000,0.000000,0.000000,0.250000,1.000000,0.125000,0.000000,0.000000,0.000000,0.250000,0.375000,0.000000,0.000000,0.750000,0.500000,0.000000,0.000000,0.250000,0.000000,0.875000,0.125000,0.000000,0.000000,0.000000,0.500000,0.000000,0.000000,0.000000,0.000000,0.000000,0.000000,0.000000,7.125000,0.000000,8.000000,2.125000,5.375000,3.875000,7.500000,0.250000,2.125000,4.125000,8.000000,0.000000,1.625000,6.000000,3.125000,7.625000,7.750000,2.500000,0.000000,6.000000,7.125000,7.125000,5.750000,2.000000,0.500000,0.000000,2.000000,0.000000,0.000000,0.000000,0.000000,0.000000,0.000000,0.000000,0.000000,0.000000,0.000000,0.000000,0.000000,0.000000,0.000000,0.000000,0.000000,0.000000,0.000000,0.000000,0.000000,0.000000,0.000000,0.000000,0.000000,0.000000,0.000000,0.000000,0.000000,0.000000,0.000000,0.000000,0.000000,0.000000,0.000000,0.000000,0.000000,0.000000,0.000000,0.000000,0.000000,0.000000,0.000000,0.000000,0.000000,0.000000,0.000000,0.000000,0.000000,0.000000,0.000000,0.000000,0.000000,0.000000,0.000000,0.000000,0.000000,0.000000,0.000000,0.000000,0.000000,0.000000,0.000000,0.000000,0.000000,0.000000,0.000000,0.000000,0.000000,0.000000,0.000000,0.000000,0.000000,0.000000,0.000000,0.000000,0.000000,0.000000,0.000000,0.000000,0.000000,0.000000,0.000000,0.000000,0.000000,0.000000,0.000000,0.000000,0.000000,0.000000,0.000000,0.000000,0.000000,0.000000,0.000000,0.000000,0.000000,0.000000,0.000000,0.000000,0.000000,0.000000,0.000000,0.000000,0.000000,0.000000,0.000000,0.000000,0.000000,0.000000,0.000000,0.000000,0.000000,0.000000,0.000000,0.000000,0.000000,0.000000,0.000000,0.000000,0.000000,0.000000,0.000000,0.000000,0.000000,0.000000,0.000000,0.000000,0.000000,0.000000,0.000000,0.000000,0.000000,0.000000,
avg_symbol_len: 80.375000,123.375000,28.500000,7.125000,5.375000,1.750000,1.250000,5.250000,
avg_symbol_cnt: 253.000000
avg_hashtable_usage: 49.250000
avg_shortcodes_usage: 203.750000
max_2len_start_chars: 32
avg_2len_start_chars: 30.250000
max_2len_combinations: 8
avg_2len_combinations: 4.086440
0.238
Cycles (1) completed. Stats:
	Parameters:
		Block size: 134217728
		Input size: 1073741824
		Effective table size: 134217728
		File name: ../../thesis-testing/dbtext-inflated-1gb/output_wiki
	Compression:
		Duration (us): 4527857
		Throughput (GB/s): 0.237
		Compressed size: 676306684
	Decompression:
		Duration (us): 3205744
		Throughput (GB/s): 0.335
		Ratio: 1.5877
	Compression phases:
		Table generation (GB/s, us): 51.449 (20870)
		Precomputation (GB/s, us): inf (0)
		Encoding (GB/s, us): 0.238 (4506902)
		Postprocessing (GB/s, us): inf (0)
avg_symbol_2len_start_char: 0.000000,0.000000,0.000000,0.000000,0.000000,0.000000,0.000000,0.000000,0.000000,0.000000,0.000000,0.000000,0.000000,0.000000,0.000000,0.000000,0.000000,0.000000,0.000000,0.000000,0.000000,0.000000,0.000000,0.000000,0.000000,0.000000,0.000000,0.000000,0.000000,0.000000,0.000000,0.000000,0.000000,0.000000,0.000000,0.000000,0.000000,0.000000,0.000000,0.000000,0.000000,0.000000,0.000000,0.000000,0.000000,8.000000,0.000000,0.000000,7.250000,7.625000,6.500000,8.000000,7.625000,7.750000,7.750000,8.000000,6.875000,8.000000,0.000000,0.000000,0.000000,0.000000,0.000000,0.000000,0.000000,0.000000,0.000000,0.000000,0.000000,0.000000,0.000000,0.000000,0.000000,0.000000,0.000000,0.000000,0.000000,0.000000,0.000000,0.000000,0.000000,0.000000,0.000000,0.000000,0.000000,0.000000,0.000000,0.000000,0.000000,0.000000,0.000000,0.000000,0.000000,0.000000,0.000000,0.000000,0.000000,8.000000,8.000000,8.000000,8.000000,8.000000,7.750000,0.000000,0.000000,0.000000,0.000000,0.000000,0.000000,0.000000,0.000000,0.000000,0.000000,0.000000,0.000000,0.000000,0.000000,0.000000,0.000000,0.000000,0.000000,0.000000,0.000000,0.000000,0.000000,0.000000,0.000000,0.000000,0.000000,0.000000,0.000000,0.000000,0.000000,0.000000,0.000000,0.000000,0.000000,0.000000,0.000000,0.000000,0.000000,0.000000,0.000000,0.000000,0.000000,0.000000,0.000000,0.000000,0.000000,0.000000,0.000000,0.000000,0.000000,0.000000,0.000000,0.000000,0.000000,0.000000,0.000000,0.000000,0.000000,0.000000,0.000000,0.000000,0.000000,0.000000,0.000000,0.000000,0.000000,0.000000,0.000000,0.000000,0.000000,0.000000,0.000000,0.000000,0.000000,0.000000,0.000000,0.000000,0.000000,0.000000,0.000000,0.000000,0.000000,0.000000,0.000000,0.000000,0.000000,0.000000,0.000000,0.000000,0.000000,0.000000,0.000000,0.000000,0.000000,0.000000,0.000000,0.000000,0.000000,0.000000,0.000000,0.000000,0.000000,0.000000,0.000000,0.000000,0.000000,0.000000,0.000000,0.000000,0.000000,0.000000,0.000000,0.000000,0.000000,0.000000,0.000000,0.000000,0.000000,0.000000,0.000000,0.000000,0.000000,0.000000,0.000000,0.000000,0.000000,0.000000,0.000000,0.000000,0.000000,0.000000,0.000000,0.000000,0.000000,0.000000,0.000000,0.000000,0.000000,0.000000,0.000000,0.000000,0.000000,0.000000,0.000000,0.000000,0.000000,0.000000,0.000000,0.000000,0.000000,0.000000,0.000000,
avg_symbol_len: 19.000000,131.125000,3.125000,16.625000,0.625000,3.250000,1.000000,9.750000,
avg_symbol_cnt: 184.500000
avg_hashtable_usage: 34.375000
avg_shortcodes_usage: 150.125000
max_2len_start_chars: 17
avg_2len_start_chars: 17.000000
max_2len_combinations: 8
avg_2len_combinations: 7.713235
0.322
Cycles (1) completed. Stats:
	Parameters:
		Block size: 134217728
		Input size: 1073741824
		Effective table size: 134217728
		File name: ../../thesis-testing/dbtext-inflated-1gb/output_uuid
	Compression:
		Duration (us): 3355457
		Throughput (GB/s): 0.320
		Compressed size: 511653778
	Decompression:
		Duration (us): 2283089
		Throughput (GB/s): 0.470
		Ratio: 2.0986
	Compression phases:
		Table generation (GB/s, us): 61.098 (17574)
		Precomputation (GB/s, us): inf (0)
		Encoding (GB/s, us): 0.322 (3337803)
		Postprocessing (GB/s, us): inf (0)
avg_symbol_2len_start_char: 0.000000,0.000000,0.000000,0.000000,0.000000,0.000000,0.000000,0.000000,0.000000,0.000000,5.500000,0.000000,0.000000,0.000000,0.000000,0.000000,0.000000,0.000000,0.000000,0.000000,0.000000,0.000000,0.000000,0.000000,0.000000,0.000000,0.000000,0.000000,0.000000,0.000000,0.000000,0.000000,0.000000,0.000000,0.000000,0.000000,0.000000,0.000000,0.000000,0.000000,0.000000,0.000000,0.000000,0.000000,0.000000,0.000000,2.750000,0.000000,0.750000,2.250000,1.000000,0.250000,0.000000,0.125000,0.375000,0.500000,0.250000,0.250000,0.000000,0.000000,0.000000,0.000000,0.000000,0.000000,0.750000,0.000000,0.000000,0.000000,0.000000,0.000000,0.000000,0.000000,0.000000,0.000000,0.000000,0.000000,0.000000,0.000000,0.000000,0.000000,0.000000,0.000000,0.000000,0.000000,0.000000,0.000000,0.000000,0.000000,0.000000,0.000000,0.000000,0.000000,0.000000,0.000000,0.000000,0.000000,0.000000,7.125000,4.500000,5.250000,4.625000,6.375000,1.250000,4.250000,3.500000,7.125000,1.750000,3.375000,6.000000,6.625000,7.250000,5.875000,3.750000,0.000000,6.000000,8.000000,6.500000,4.750000,2.875000,1.875000,0.500000,1.875000,0.000000,0.000000,0.000000,0.000000,0.000000,0.000000,0.000000,0.000000,0.000000,0.000000,0.000000,0.000000,0.000000,0.000000,0.000000,0.000000,0.000000,0.000000,0.000000,0.000000,0.000000,0.000000,0.000000,0.000000,0.000000,0.000000,0.000000,0.000000,0.000000,0.000000,0.000000,0.000000,0.000000,0.000000,0.000000,0.000000,0.000000,0.000000,0.000000,0.000000,0.000000,0.000000,0.000000,0.000000,0.000000,0.000000,0.000000,0.000000,0.000000,0.000000,0.000000,0.000000,0.000000,0.000000,0.000000,0.000000,0.000000,0.000000,0.000000,0.000000,0.000000,0.000000,0.000000,0.000000,0.000000,0.000000,0.000000,0.000000,0.000000,0.000000,0.000000,0.000000,0.000000,0.000000,0.000000,0.000000,0.000000,0.000000,0.000000,0.000000,0.000000,0.000000,0.000000,0.000000,0.000000,0.000000,0.000000,0.000000,0.000000,0.000000,0.000000,0.000000,0.000000,0.000000,0.000000,0.000000,0.000000,0.000000,0.000000,0.000000,0.000000,0.000000,0.000000,0.000000,0.000000,0.000000,0.000000,0.000000,0.000000,0.000000,0.000000,0.000000,0.000000,0.000000,0.000000,0.000000,0.000000,0.000000,0.000000,0.000000,0.000000,0.000000,0.000000,0.000000,0.000000,0.000000,0.000000,0.000000,0.000000,0.000000,0.000000,0.000000,0.000000,
avg_symbol_len: 42.000000,125.750000,15.500000,5.125000,4.375000,7.750000,3.750000,27.375000,
avg_symbol_cnt: 231.625000
avg_hashtable_usage: 63.875000
avg_shortcodes_usage: 167.750000
max_2len_start_chars: 32
avg_2len_start_chars: 30.000000
max_2len_combinations: 8
avg_2len_combinations: 4.197863
0.290
Cycles (1) completed. Stats:
	Parameters:
		Block size: 134217728
		Input size: 1073741824
		Effective table size: 134217728
		File name: ../../thesis-testing/dbtext-inflated-1gb/output_email
	Compression:
		Duration (us): 3716570
		Throughput (GB/s): 0.289
		Compressed size: 526432478
	Decompression:
		Duration (us): 2892516
		Throughput (GB/s): 0.371
		Ratio: 2.0397
	Compression phases:
		Table generation (GB/s, us): 59.247 (18123)
		Precomputation (GB/s, us): inf (0)
		Encoding (GB/s, us): 0.290 (3698366)
		Postprocessing (GB/s, us): inf (0)
avg_symbol_2len_start_char: 0.000000,0.000000,0.000000,0.000000,0.000000,0.000000,0.000000,0.000000,0.000000,0.000000,8.000000,0.000000,0.000000,0.000000,0.000000,0.000000,0.000000,0.000000,0.000000,0.000000,0.000000,0.000000,0.000000,0.000000,0.000000,0.000000,0.000000,0.000000,0.000000,0.000000,0.000000,0.000000,0.000000,0.000000,0.000000,0.000000,0.000000,0.000000,0.000000,0.000000,0.000000,0.000000,0.000000,0.000000,0.000000,0.000000,0.000000,0.000000,7.375000,8.000000,8.000000,8.000000,8.000000,8.000000,8.000000,8.000000,8.000000,8.000000,0.000000,0.000000,0.000000,0.000000,0.000000,0.000000,0.000000,8.000000,8.000000,8.000000,8.000000,8.000000,8.000000,0.000000,0.000000,0.000000,0.000000,0.000000,0.000000,0.000000,0.000000,0.000000,0.000000,0.000000,0.000000,0.000000,0.000000,0.000000,0.000000,0.000000,0.000000,0.000000,0.000000,0.000000,0.000000,0.000000,0.000000,0.000000,0.000000,0.000000,0.000000,0.000000,0.000000,0.000000,0.000000,0.000000,0.000000,0.000000,0.000000,0.000000,0.000000,0.000000,0.000000,0.000000,0.000000,0.000000,0.000000,0.000000,0.000000,0.000000,0.000000,0.000000,0.000000,0.000000,0.000000,0.000000,0.000000,0.000000,0.000000,0.000000,0.000000,0.000000,0.000000,0.000000,0.000000,0.000000,0.000000,0.000000,0.000000,0.000000,0.000000,0.000000,0.000000,0.000000,0.000000,0.000000,0.000000,0.000000,0.000000,0.000000,0.000000,0.000000,0.000000,0.000000,0.000000,0.000000,0.000000,0.000000,0.000000,0.000000,0.000000,0.000000,0.000000,0.000000,0.000000,0.000000,0.000000,0.000000,0.000000,0.000000,0.000000,0.000000,0.000000,0.000000,0.000000,0.000000,0.000000,0.000000,0.000000,0.000000,0.000000,0.000000,0.000000,0.000000,0.000000,0.000000,0.000000,0.000000,0.000000,0.000000,0.000000,0.000000,0.000000,0.000000,0.000000,0.000000,0.000000,0.000000,0.000000,0.000000,0.000000,0.000000,0.000000,0.000000,0.000000,0.000000,0.000000,0.000000,0.000000,0.000000,0.000000,0.000000,0.000000,0.000000,0.000000,0.000000,0.000000,0.000000,0.000000,0.000000,0.000000,0.000000,0.000000,0.000000,0.000000,0.000000,0.000000,0.000000,0.000000,0.000000,0.000000,0.000000,0.000000,0.000000,0.000000,0.000000,0.000000,0.000000,0.000000,0.000000,0.000000,0.000000,0.000000,0.000000,0.000000,0.000000,0.000000,0.000000,0.000000,0.000000,0.000000,0.000000,0.000000,0.000000,0.000000,0.000000,0.000000,
avg_symbol_len: 18.000000,135.375000,0.000000,0.000000,0.000000,0.000000,0.000000,0.000000,
avg_symbol_cnt: 153.375000
avg_hashtable_usage: 0.000000
avg_shortcodes_usage: 153.375000
max_2len_start_chars: 17
avg_2len_start_chars: 17.000000
max_2len_combinations: 8
avg_2len_combinations: 7.963235
0.236
Cycles (1) completed. Stats:
	Parameters:
		Block size: 134217728
		Input size: 1073741824
		Effective table size: 134217728
		File name: ../../thesis-testing/dbtext-inflated-1gb/output_hex
	Compression:
		Duration (us): 4581194
		Throughput (GB/s): 0.234
		Compressed size: 712014268
	Decompression:
		Duration (us): 2992656
		Throughput (GB/s): 0.359
		Ratio: 1.5080
	Compression phases:
		Table generation (GB/s, us): 42.895 (25032)
		Precomputation (GB/s, us): inf (0)
		Encoding (GB/s, us): 0.236 (4556078)
		Postprocessing (GB/s, us): inf (0)
avg_symbol_2len_start_char: 0.000000,0.000000,0.000000,0.000000,0.000000,0.000000,0.000000,0.000000,0.000000,0.000000,0.000000,0.000000,0.000000,0.000000,0.000000,0.000000,0.000000,0.000000,0.000000,0.000000,0.000000,0.000000,0.000000,0.000000,0.000000,0.000000,0.000000,0.000000,0.000000,0.000000,0.000000,0.000000,0.000000,0.000000,0.000000,0.000000,0.000000,0.125000,0.000000,0.000000,0.000000,0.000000,0.000000,0.000000,0.000000,3.000000,1.500000,3.750000,3.500000,2.500000,4.000000,2.250000,1.375000,1.875000,1.125000,1.250000,1.000000,0.875000,5.375000,0.000000,0.000000,0.000000,0.000000,0.000000,0.000000,0.125000,0.000000,0.000000,0.000000,0.000000,0.000000,0.000000,0.000000,0.000000,0.000000,0.000000,0.000000,0.000000,0.000000,0.000000,0.000000,0.000000,0.000000,0.000000,2.750000,0.000000,0.000000,0.000000,0.000000,0.000000,0.000000,0.000000,0.000000,0.000000,0.000000,0.125000,0.000000,4.750000,0.000000,3.875000,0.875000,3.750000,0.000000,1.625000,0.750000,2.875000,0.000000,0.125000,3.125000,1.500000,2.000000,2.875000,0.125000,0.875000,2.625000,2.875000,1.375000,2.000000,1.000000,1.000000,0.000000,0.000000,0.000000,0.000000,0.000000,0.000000,0.000000,0.000000,0.000000,0.000000,0.000000,0.000000,0.000000,0.000000,0.000000,0.000000,0.000000,0.000000,0.000000,0.000000,0.000000,0.000000,0.000000,0.000000,0.000000,0.000000,0.000000,0.000000,0.000000,0.000000,0.000000,0.000000,0.000000,0.000000,0.000000,0.000000,0.000000,0.000000,0.000000,0.000000,0.000000,0.000000,0.000000,0.000000,0.000000,0.000000,0.000000,0.000000,0.000000,0.000000,0.000000,0.000000,0.000000,0.000000,0.000000,0.000000,0.000000,0.000000,0.000000,0.000000,0.000000,0.000000,0.000000,0.000000,0.000000,0.000000,0.000000,0.000000,0.000000,0.000000,0.000000,0.000000,0.000000,0.000000,0.000000,0.000000,0.000000,0.000000,0.000000,0.000000,0.000000,0.000000,0.000000,0.000000,0.000000,0.000000,0.000000,0.000000,0.000000,0.000000,0.000000,0.000000,0.000000,0.000000,0.000000,0.000000,0.000000,0.000000,0.000000,0.000000,0.000000,0.000000,0.000000,0.000000,0.000000,0.000000,0.000000,0.000000,0.000000,0.000000,0.000000,0.000000,0.000000,0.000000,0.000000,0.000000,0.000000,0.000000,0.000000,0.000000,0.000000,0.000000,0.000000,0.000000,0.000000,0.000000,0.000000,0.000000,0.000000,0.000000,0.000000,0.000000,0.000000,0.000000,0.000000,
avg_symbol_len: 79.875000,76.500000,19.875000,8.125000,20.875000,8.125000,5.875000,29.000000,
avg_symbol_cnt: 248.250000
avg_hashtable_usage: 91.875000
avg_shortcodes_usage: 156.375000
max_2len_start_chars: 32
avg_2len_start_chars: 31.250000
max_2len_combinations: 7
avg_2len_combinations: 2.451551
0.404
Cycles (1) completed. Stats:
	Parameters:
		Block size: 134217728
		Input size: 1073741824
		Effective table size: 134217728
		File name: ../../thesis-testing/dbtext-inflated-1gb/output_urls
	Compression:
		Duration (us): 2670535
		Throughput (GB/s): 0.402
		Compressed size: 441529178
	Decompression:
		Duration (us): 1747839
		Throughput (GB/s): 0.614
		Ratio: 2.4319
	Compression phases:
		Table generation (GB/s, us): 91.429 (11744)
		Precomputation (GB/s, us): inf (0)
		Encoding (GB/s, us): 0.404 (2658710)
		Postprocessing (GB/s, us): inf (0)
avg_symbol_2len_start_char: 0.000000,0.000000,0.000000,0.000000,0.000000,0.000000,0.000000,0.000000,0.000000,0.000000,8.000000,0.000000,0.000000,0.000000,0.000000,0.000000,0.000000,0.000000,0.000000,0.000000,0.000000,0.000000,0.000000,0.000000,0.000000,0.000000,0.000000,0.000000,0.000000,0.000000,0.000000,0.000000,0.000000,0.000000,0.000000,0.000000,0.000000,0.000000,0.000000,0.000000,0.000000,1.000000,0.000000,0.000000,1.000000,0.000000,1.000000,0.000000,0.000000,0.625000,0.000000,0.000000,0.000000,0.000000,0.000000,0.000000,0.000000,0.000000,0.000000,0.000000,0.000000,0.000000,0.000000,0.000000,0.000000,0.000000,0.375000,1.250000,0.250000,0.000000,0.000000,0.125000,0.625000,0.125000,0.000000,0.000000,0.250000,1.000000,0.125000,0.000000,0.500000,0.000000,0.250000,0.250000,0.125000,0.000000,0.000000,0.000000,0.000000,0.000000,0.000000,0.000000,0.000000,0.000000,0.000000,7.250000,0.000000,8.000000,1.500000,4.625000,4.625000,8.000000,0.375000,2.625000,4.250000,8.000000,0.000000,2.000000,5.875000,3.500000,7.875000,7.875000,2.500000,0.000000,6.250000,5.375000,7.375000,5.875000,2.250000,0.750000,0.000000,2.000000,0.000000,0.000000,0.000000,0.000000,0.000000,0.000000,0.000000,0.000000,0.000000,0.000000,0.000000,0.000000,0.000000,0.000000,0.000000,0.000000,0.000000,0.000000,0.000000,0.000000,0.000000,0.000000,0.000000,0.000000,0.000000,0.000000,0.000000,0.000000,0.000000,0.000000,0.000000,0.000000,0.000000,0.000000,0.000000,0.000000,0.000000,0.000000,0.000000,0.000000,0.000000,0.000000,0.000000,0.000000,0.000000,0.000000,0.000000,0.000000,0.000000,0.000000,0.000000,0.000000,0.000000,0.000000,0.000000,0.000000,0.000000,0.000000,0.000000,0.000000,0.000000,0.000000,0.000000,0.000000,0.000000,0.000000,0.000000,0.000000,0.000000,0.000000,0.000000,0.000000,0.000000,0.125000,0.000000,0.000000,0.000000,0.000000,0.000000,0.000000,0.000000,0.000000,0.000000,0.000000,0.000000,0.000000,0.000000,0.000000,0.000000,0.000000,0.000000,0.000000,0.000000,0.000000,0.000000,0.000000,0.000000,0.000000,0.000000,0.000000,0.000000,0.000000,0.000000,0.000000,0.000000,0.000000,0.000000,0.000000,0.000000,0.000000,0.000000,0.000000,0.000000,0.000000,0.000000,0.000000,0.000000,0.000000,0.000000,0.000000,0.000000,0.000000,0.000000,0.000000,0.000000,0.000000,0.000000,0.000000,0.000000,0.000000,0.000000,0.000000,0.000000,
avg_symbol_len: 83.500000,125.750000,33.000000,4.375000,3.375000,0.875000,1.250000,0.875000,
avg_symbol_cnt: 253.000000
avg_hashtable_usage: 43.750000
avg_shortcodes_usage: 209.250000
max_2len_start_chars: 32
avg_2len_start_chars: 31.250000
max_2len_combinations: 8
avg_2len_combinations: 4.030581
0.232
Cycles (1) completed. Stats:
	Parameters:
		Block size: 134217728
		Input size: 1073741824
		Effective table size: 134217728
		File name: ../../thesis-testing/dbtext-inflated-1gb/output_yago
	Compression:
		Duration (us): 4641997
		Throughput (GB/s): 0.231
		Compressed size: 691032863
	Decompression:
		Duration (us): 3226439
		Throughput (GB/s): 0.333
		Ratio: 1.5538
	Compression phases:
		Table generation (GB/s, us): 50.133 (21418)
		Precomputation (GB/s, us): inf (0)
		Encoding (GB/s, us): 0.232 (4620499)
		Postprocessing (GB/s, us): inf (0)
avg_symbol_2len_start_char: 0.000000,0.000000,0.000000,0.000000,0.000000,0.000000,0.000000,0.000000,0.000000,0.000000,0.000000,0.000000,0.000000,0.000000,0.000000,0.000000,0.000000,0.000000,0.000000,0.000000,0.000000,0.000000,0.000000,0.000000,0.000000,0.000000,0.000000,0.000000,0.000000,0.000000,0.000000,0.000000,0.000000,0.000000,0.000000,0.000000,0.000000,0.000000,0.000000,0.000000,0.000000,0.000000,0.000000,0.000000,0.000000,1.750000,1.000000,3.375000,0.750000,2.000000,0.750000,0.125000,0.000000,0.000000,0.000000,0.000000,0.125000,0.000000,0.000000,0.000000,0.000000,0.000000,0.000000,0.000000,0.000000,0.125000,0.000000,0.125000,0.000000,0.000000,0.000000,0.000000,0.000000,0.000000,0.000000,0.000000,0.000000,0.250000,0.000000,0.000000,0.000000,0.000000,0.000000,0.000000,0.000000,0.000000,0.000000,0.000000,0.000000,0.000000,0.000000,0.000000,0.000000,0.000000,0.000000,2.750000,0.000000,7.875000,3.375000,4.875000,3.375000,7.000000,1.625000,2.875000,3.125000,7.500000,0.000000,0.500000,4.625000,2.625000,6.375000,5.750000,4.000000,0.000000,4.750000,7.875000,7.125000,4.750000,2.250000,0.875000,0.000000,0.875000,0.000000,0.000000,0.000000,0.000000,0.000000,0.000000,0.000000,0.000000,0.000000,0.000000,0.000000,0.000000,0.000000,0.000000,0.000000,0.000000,0.000000,0.000000,0.000000,0.000000,0.000000,0.000000,0.000000,0.000000,0.000000,0.000000,0.000000,0.000000,0.000000,0.000000,0.000000,0.000000,0.000000,0.000000,0.000000,0.000000,0.000000,0.000000,0.000000,0.000000,0.000000,0.000000,0.000000,0.000000,0.000000,0.000000,0.000000,0.000000,0.000000,0.000000,0.000000,0.000000,0.000000,0.000000,0.000000,0.000000,0.000000,0.000000,0.000000,0.000000,0.000000,0.000000,0.000000,0.000000,0.000000,0.000000,0.000000,0.000000,0.000000,0.000000,0.000000,0.000000,0.000000,0.000000,0.000000,0.000000,0.000000,0.000000,0.000000,0.000000,0.000000,0.000000,0.000000,0.000000,0.000000,0.000000,0.000000,0.000000,0.000000,0.000000,0.000000,0.000000,0.000000,0.000000,0.000000,0.000000,0.000000,0.000000,0.000000,0.000000,0.000000,0.000000,0.000000,0.000000,0.000000,0.000000,0.000000,0.000000,0.000000,0.000000,0.000000,0.000000,0.000000,0.000000,0.000000,0.000000,0.000000,0.000000,0.000000,0.000000,0.000000,0.000000,0.000000,0.000000,0.000000,0.000000,0.000000,0.000000,0.000000,0.000000,0.000000,0.000000,0.000000,
avg_symbol_len: 77.500000,107.125000,15.125000,6.625000,11.250000,3.500000,5.875000,23.875000,
avg_symbol_cnt: 250.875000
avg_hashtable_usage: 66.250000
avg_shortcodes_usage: 184.625000
max_2len_start_chars: 29
avg_2len_start_chars: 27.625000
max_2len_combinations: 8
avg_2len_combinations: 3.880921
0.317
Cycles (1) completed. Stats:
	Parameters:
		Block size: 134217728
		Input size: 1073741824
		Effective table size: 134217728
		File name: ../../thesis-testing/dbtext-inflated-1gb/output_urls2
	Compression:
		Duration (us): 3405880
		Throughput (GB/s): 0.315
		Compressed size: 518913545
	Decompression:
		Duration (us): 2537943
		Throughput (GB/s): 0.423
		Ratio: 2.0692
	Compression phases:
		Table generation (GB/s, us): 65.745 (16332)
		Precomputation (GB/s, us): inf (0)
		Encoding (GB/s, us): 0.317 (3389476)
		Postprocessing (GB/s, us): inf (0)

2.8119,
3.3360,
2.2436,
1.5877,
2.0986,
2.0397,
1.5080,
2.4319,
1.5538,
2.0692,
TPC-H:  3.0739
GDelt:  2.2436
DBtext: 1.8984