avg_symbol_2len_start_char: 0.000000,0.000000,0.000000,0.000000,0.000000,0.000000,0.000000,0.000000,0.000000,0.000000,8.000000,0.000000,0.000000,0.000000,0.000000,0.000000,0.000000,0.000000,0.000000,0.000000,0.000000,0.000000,0.000000,0.000000,0.000000,0.000000,0.000000,0.000000,0.000000,0.000000,0.000000,0.000000,8.000000,0.000000,0.000000,0.000000,0.000000,0.000000,0.000000,0.000000,0.000000,0.000000,0.000000,0.000000,1.000000,0.000000,1.071429,0.000000,0.000000,0.000000,0.000000,0.000000,0.000000,0.000000,0.000000,0.000000,0.000000,0.000000,0.000000,0.000000,0.000000,0.000000,0.000000,0.000000,0.000000,0.000000,0.000000,0.000000,0.000000,0.000000,0.000000,0.000000,0.000000,0.000000,0.000000,0.000000,0.000000,0.000000,0.000000,0.000000,0.000000,0.000000,0.000000,0.000000,0.000000,0.000000,0.000000,0.000000,0.000000,0.000000,0.000000,0.000000,0.000000,0.000000,0.000000,0.000000,0.000000,6.071429,1.285714,5.714286,2.000000,5.357143,2.857143,1.642857,1.000000,5.071429,0.000000,0.357143,6.428571,0.357143,2.714286,3.857143,3.285714,0.428571,5.500000,4.500000,4.000000,4.214286,1.000000,0.785714,0.142857,2.285714,0.000000,0.000000,0.000000,0.000000,0.000000,0.000000,0.000000,0.000000,0.000000,0.000000,0.000000,0.000000,0.000000,0.000000,0.000000,0.000000,0.000000,0.000000,0.000000,0.000000,0.000000,0.000000,0.000000,0.000000,0.000000,0.000000,0.000000,0.000000,0.000000,0.000000,0.000000,0.000000,0.000000,0.000000,0.000000,0.000000,0.000000,0.000000,0.000000,0.000000,0.000000,0.000000,0.000000,0.000000,0.000000,0.000000,0.000000,0.000000,0.000000,0.000000,0.000000,0.000000,0.000000,0.000000,0.000000,0.000000,0.000000,0.000000,0.000000,0.000000,0.000000,0.000000,0.000000,0.000000,0.000000,0.000000,0.000000,0.000000,0.000000,0.000000,0.000000,0.000000,0.000000,0.000000,0.000000,0.000000,0.000000,0.000000,0.000000,0.000000,0.000000,0.000000,0.000000,0.000000,0.000000,0.000000,0.000000,0.000000,0.000000,0.000000,0.000000,0.000000,0.000000,0.000000,0.000000,0.000000,0.000000,0.000000,0.000000,0.000000,0.000000,0.000000,0.000000,0.000000,0.000000,0.000000,0.000000,0.000000,0.000000,0.000000,0.000000,0.000000,0.000000,0.000000,0.000000,0.000000,0.000000,0.000000,0.000000,0.000000,0.000000,0.000000,0.000000,0.000000,0.000000,0.000000,0.000000,0.000000,0.000000,0.000000,0.000000,0.000000,0.000000,
avg_symbol_len: 36.928570,88.928574,20.785715,14.500000,16.928572,18.857143,13.000000,33.357143,
avg_symbol_cnt: 243.285721
avg_hashtable_usage: 117.428574
avg_shortcodes_usage: 125.857140
max_2len_start_chars: 26
avg_2len_start_chars: 24.571428
max_2len_combinations: 8
avg_2len_combinations: 3.628568
0.352
Cycles (1) completed. Stats:
	Parameters:
		Block size: 67108864
		Input size: 939524096
		Effective table size: 67108864
		File name: ../../thesis-testing/lineitem-1gb/lineitem-comments-1gb-1.txt
	Compression:
		Duration (us): 2691752
		Throughput (GB/s): 0.349
		Compressed size: 335388222
	Decompression:
		Duration (us): 2212597
		Throughput (GB/s): 0.425
		Ratio: 2.8013
	Compression phases:
		Table generation (GB/s, us): 46.624 (20151)
		Precomputation (GB/s, us): inf (0)
		Encoding (GB/s, us): 0.352 (2671506)
		Postprocessing (GB/s, us): inf (0)
avg_symbol_2len_start_char: 0.000000,0.000000,0.000000,0.000000,0.000000,0.000000,0.000000,0.000000,0.000000,0.000000,1.071429,0.000000,0.000000,0.000000,0.000000,0.000000,0.000000,0.000000,0.000000,0.000000,0.000000,0.000000,0.000000,0.000000,0.000000,0.000000,0.000000,0.000000,0.000000,0.000000,0.000000,0.000000,0.000000,0.000000,0.000000,0.000000,0.000000,0.000000,0.000000,0.000000,0.000000,0.000000,0.000000,0.000000,0.000000,0.000000,0.000000,0.000000,7.714286,7.071429,6.714286,6.785714,7.214286,7.285714,7.285714,7.071429,7.142857,7.785714,0.000000,0.000000,0.000000,0.000000,0.000000,0.000000,0.000000,0.000000,0.000000,0.000000,0.000000,0.000000,0.000000,0.000000,0.000000,0.000000,0.000000,0.000000,0.000000,0.000000,0.000000,0.000000,0.000000,0.000000,0.000000,0.000000,0.000000,0.000000,0.000000,0.000000,0.000000,0.000000,0.000000,0.000000,0.000000,0.000000,0.000000,0.000000,0.000000,0.000000,0.000000,0.000000,0.000000,0.285714,0.000000,0.000000,0.000000,0.000000,0.000000,0.000000,0.000000,0.571429,0.000000,0.000000,0.000000,0.000000,0.714286,0.285714,0.928571,0.642857,0.000000,0.000000,0.000000,0.000000,0.000000,0.000000,0.000000,0.000000,0.000000,0.000000,0.000000,0.000000,0.000000,0.000000,0.000000,0.000000,0.000000,0.000000,0.000000,0.000000,0.000000,0.000000,0.000000,0.000000,0.000000,0.000000,0.000000,0.000000,0.000000,0.000000,0.000000,0.000000,0.000000,0.000000,0.000000,0.000000,0.000000,0.000000,0.000000,0.000000,0.000000,0.000000,0.000000,0.000000,0.000000,0.000000,0.000000,0.000000,0.000000,0.000000,0.000000,0.000000,0.000000,0.000000,0.000000,0.000000,0.000000,0.000000,0.000000,0.000000,0.000000,0.000000,0.000000,0.000000,0.000000,0.000000,0.000000,0.000000,0.000000,0.000000,0.000000,0.000000,0.000000,0.000000,0.000000,0.000000,0.000000,0.000000,0.000000,0.000000,0.000000,0.000000,0.000000,0.000000,0.000000,0.000000,0.000000,0.000000,0.000000,0.000000,0.000000,0.000000,0.000000,0.000000,0.000000,0.000000,0.000000,0.000000,0.000000,0.000000,0.000000,0.000000,0.000000,0.000000,0.000000,0.000000,0.000000,0.000000,0.000000,0.000000,0.000000,0.000000,0.000000,0.000000,0.000000,0.000000,0.000000,0.000000,0.000000,0.000000,0.000000,0.000000,0.000000,0.000000,0.000000,0.000000,0.000000,0.000000,0.000000,0.000000,0.000000,0.000000,0.000000,0.000000,0.000000,0.000000,0.000000,
avg_symbol_len: 20.571428,76.571426,22.000000,7.071429,29.357143,35.071430,0.142857,21.142857,
avg_symbol_cnt: 211.928574
avg_hashtable_usage: 114.785713
avg_shortcodes_usage: 97.142860
max_2len_start_chars: 15
avg_2len_start_chars: 13.571428
max_2len_combinations: 8
avg_2len_combinations: 5.661329
0.677
Cycles (1) completed. Stats:
	Parameters:
		Block size: 67108864
		Input size: 939524096
		Effective table size: 67108864
		File name: ../../thesis-testing/customer-1gb/customer-id-1gb-1.txt
	Compression:
		Duration (us): 1402382
		Throughput (GB/s): 0.670
		Compressed size: 274513265
	Decompression:
		Duration (us): 811129
		Throughput (GB/s): 1.158
		Ratio: 3.4225
	Compression phases:
		Table generation (GB/s, us): 67.845 (13848)
		Precomputation (GB/s, us): inf (0)
		Encoding (GB/s, us): 0.677 (1388423)
		Postprocessing (GB/s, us): inf (0)
avg_symbol_2len_start_char: 0.000000,0.000000,0.000000,0.000000,0.000000,0.000000,0.000000,0.000000,0.000000,0.000000,2.562500,0.000000,0.000000,0.000000,0.000000,0.000000,0.000000,0.000000,0.000000,0.000000,0.000000,0.000000,0.000000,0.000000,0.000000,0.000000,0.000000,0.000000,0.000000,0.000000,0.000000,0.000000,1.937500,0.000000,0.000000,0.000000,0.000000,0.000000,0.000000,0.000000,0.000000,0.000000,0.000000,0.000000,1.000000,0.000000,0.000000,0.000000,0.000000,0.000000,0.000000,0.000000,0.000000,0.000000,0.000000,0.000000,0.000000,0.000000,0.000000,0.000000,0.000000,0.000000,0.000000,0.000000,0.000000,1.000000,1.062500,1.437500,0.312500,0.062500,0.000000,0.250000,0.312500,0.437500,0.250000,0.187500,0.937500,1.437500,0.187500,0.000000,0.437500,0.062500,0.000000,0.375000,0.812500,0.375000,0.062500,0.250000,0.000000,0.062500,0.000000,0.000000,0.000000,0.000000,0.000000,0.000000,0.000000,6.437500,1.875000,1.312500,1.687500,5.562500,0.000000,1.812500,2.562500,5.750000,0.187500,1.062500,3.125000,0.937500,3.937500,4.437500,0.437500,0.000000,3.562500,2.500000,3.562500,2.687500,0.625000,0.687500,0.000000,0.875000,0.000000,0.000000,0.000000,0.000000,0.000000,0.000000,0.000000,0.000000,0.000000,0.000000,0.000000,0.000000,0.000000,0.000000,0.000000,0.000000,0.000000,0.000000,0.000000,0.000000,0.000000,0.000000,0.000000,0.000000,0.000000,0.000000,0.000000,0.000000,0.000000,0.000000,0.000000,0.000000,0.000000,0.000000,0.000000,0.000000,0.000000,0.000000,0.000000,0.000000,0.000000,0.000000,0.000000,0.000000,0.000000,0.000000,0.000000,0.000000,0.000000,0.000000,0.000000,0.000000,0.000000,0.000000,0.000000,0.000000,0.000000,0.000000,0.000000,0.000000,0.000000,0.000000,0.000000,0.000000,0.000000,0.000000,0.000000,0.000000,0.000000,0.000000,0.000000,0.000000,0.000000,0.000000,0.000000,0.000000,0.000000,0.000000,0.000000,0.000000,0.000000,0.000000,0.000000,0.000000,0.000000,0.000000,0.000000,0.000000,0.000000,0.000000,0.000000,0.000000,0.000000,0.000000,0.000000,0.000000,0.000000,0.000000,0.000000,0.000000,0.000000,0.000000,0.000000,0.000000,0.000000,0.000000,0.000000,0.000000,0.000000,0.000000,0.000000,0.000000,0.000000,0.000000,0.000000,0.000000,0.000000,0.000000,0.000000,0.000000,0.000000,0.000000,0.000000,0.000000,0.000000,0.000000,0.000000,0.000000,0.000000,0.000000,0.000000,0.000000,0.000000,
avg_symbol_len: 70.687500,71.437500,27.312500,12.437500,10.812500,11.250000,10.125000,29.062500,
avg_symbol_cnt: 243.125000
avg_hashtable_usage: 101.000000
avg_shortcodes_usage: 142.125000
max_2len_start_chars: 32
avg_2len_start_chars: 30.312500
max_2len_combinations: 8
avg_2len_combinations: 2.366416
0.353
Cycles (1) completed. Stats:
	Parameters:
		Block size: 67108864
		Input size: 1073741824
		Effective table size: 67108864
		File name: ../../thesis-testing/gdelt-locations-inflated-1gb/locations.txt
	Compression:
		Duration (us): 3065911
		Throughput (GB/s): 0.350
		Compressed size: 477442600
	Decompression:
		Duration (us): 2109920
		Throughput (GB/s): 0.509
		Ratio: 2.2489
	Compression phases:
		Table generation (GB/s, us): 48.789 (22008)
		Precomputation (GB/s, us): inf (0)
		Encoding (GB/s, us): 0.353 (3043802)
		Postprocessing (GB/s, us): inf (0)
avg_symbol_2len_start_char: 0.000000,0.000000,0.000000,0.000000,0.000000,0.000000,0.000000,0.000000,0.000000,0.000000,7.375000,0.000000,0.000000,0.000000,0.000000,0.000000,0.000000,0.000000,0.000000,0.000000,0.000000,0.000000,0.000000,0.000000,0.000000,0.000000,0.000000,0.000000,0.000000,0.000000,0.000000,0.000000,0.000000,0.000000,0.000000,0.000000,0.000000,0.000000,0.000000,0.000000,0.000000,1.000000,0.000000,0.000000,1.000000,0.000000,0.375000,0.000000,0.062500,0.937500,0.312500,0.000000,0.000000,0.000000,0.000000,0.000000,0.000000,0.000000,0.000000,0.000000,0.000000,0.000000,0.000000,0.000000,0.000000,0.250000,0.125000,1.250000,0.250000,0.000000,0.000000,0.000000,0.125000,0.437500,0.000000,0.000000,0.812500,0.687500,0.062500,0.000000,0.187500,0.000000,0.875000,0.062500,0.000000,0.000000,0.000000,0.375000,0.000000,0.000000,0.000000,0.000000,0.000000,0.000000,0.000000,6.562500,0.000000,8.000000,1.500000,5.625000,4.125000,7.812500,0.250000,2.000000,4.187500,7.750000,0.000000,1.187500,5.937500,3.812500,7.812500,7.937500,2.625000,0.000000,5.437500,7.375000,6.812500,5.562500,2.000000,0.437500,0.000000,2.000000,0.000000,0.000000,0.000000,0.000000,0.000000,0.000000,0.000000,0.000000,0.000000,0.000000,0.000000,0.000000,0.000000,0.000000,0.000000,0.000000,0.000000,0.000000,0.000000,0.000000,0.000000,0.000000,0.000000,0.000000,0.000000,0.000000,0.000000,0.000000,0.000000,0.000000,0.000000,0.000000,0.000000,0.000000,0.000000,0.000000,0.000000,0.000000,0.000000,0.000000,0.000000,0.000000,0.000000,0.000000,0.000000,0.000000,0.000000,0.000000,0.000000,0.000000,0.000000,0.000000,0.000000,0.000000,0.000000,0.000000,0.000000,0.000000,0.000000,0.000000,0.000000,0.000000,0.000000,0.000000,0.000000,0.000000,0.000000,0.000000,0.000000,0.000000,0.000000,0.000000,0.000000,0.000000,0.000000,0.000000,0.000000,0.000000,0.000000,0.000000,0.000000,0.000000,0.000000,0.000000,0.000000,0.000000,0.000000,0.000000,0.000000,0.000000,0.000000,0.000000,0.000000,0.000000,0.000000,0.000000,0.000000,0.000000,0.000000,0.000000,0.000000,0.000000,0.000000,0.000000,0.000000,0.000000,0.000000,0.000000,0.000000,0.000000,0.000000,0.000000,0.000000,0.000000,0.000000,0.000000,0.000000,0.000000,0.000000,0.000000,0.000000,0.000000,0.000000,0.000000,0.000000,0.000000,0.000000,0.000000,0.000000,0.000000,0.000000,0.000000,0.000000,
avg_symbol_len: 80.875000,123.312500,27.750000,6.437500,6.437500,1.500000,2.312500,4.375000,
avg_symbol_cnt: 253.000000
avg_hashtable_usage: 48.812500
avg_shortcodes_usage: 204.187500
max_2len_start_chars: 32
avg_2len_start_chars: 30.750000
max_2len_combinations: 8
avg_2len_combinations: 4.020438
0.239
Cycles (1) completed. Stats:
	Parameters:
		Block size: 67108864
		Input size: 1073741824
		Effective table size: 67108864
		File name: ../../thesis-testing/dbtext-inflated-1gb/output_wiki
	Compression:
		Duration (us): 4543834
		Throughput (GB/s): 0.236
		Compressed size: 676005777
	Decompression:
		Duration (us): 3274422
		Throughput (GB/s): 0.328
		Ratio: 1.5884
	Compression phases:
		Table generation (GB/s, us): 25.554 (42019)
		Precomputation (GB/s, us): inf (0)
		Encoding (GB/s, us): 0.239 (4501711)
		Postprocessing (GB/s, us): inf (0)
avg_symbol_2len_start_char: 0.000000,0.000000,0.000000,0.000000,0.000000,0.000000,0.000000,0.000000,0.000000,0.000000,0.000000,0.000000,0.000000,0.000000,0.000000,0.000000,0.000000,0.000000,0.000000,0.000000,0.000000,0.000000,0.000000,0.000000,0.000000,0.000000,0.000000,0.000000,0.000000,0.000000,0.000000,0.000000,0.000000,0.000000,0.000000,0.000000,0.000000,0.000000,0.000000,0.000000,0.000000,0.000000,0.000000,0.000000,0.000000,8.000000,0.000000,0.000000,7.312500,7.500000,7.187500,7.687500,7.625000,8.000000,7.187500,7.750000,7.437500,8.000000,0.000000,0.000000,0.000000,0.000000,0.000000,0.000000,0.000000,0.000000,0.000000,0.000000,0.000000,0.000000,0.000000,0.000000,0.000000,0.000000,0.000000,0.000000,0.000000,0.000000,0.000000,0.000000,0.000000,0.000000,0.000000,0.000000,0.000000,0.000000,0.000000,0.000000,0.000000,0.000000,0.000000,0.000000,0.000000,0.000000,0.000000,0.000000,0.000000,8.000000,8.000000,8.000000,8.000000,7.875000,8.000000,0.000000,0.000000,0.000000,0.000000,0.000000,0.000000,0.000000,0.000000,0.000000,0.000000,0.000000,0.000000,0.000000,0.000000,0.000000,0.000000,0.000000,0.000000,0.000000,0.000000,0.000000,0.000000,0.000000,0.000000,0.000000,0.000000,0.000000,0.000000,0.000000,0.000000,0.000000,0.000000,0.000000,0.000000,0.000000,0.000000,0.000000,0.000000,0.000000,0.000000,0.000000,0.000000,0.000000,0.000000,0.000000,0.000000,0.000000,0.000000,0.000000,0.000000,0.000000,0.000000,0.000000,0.000000,0.000000,0.000000,0.000000,0.000000,0.000000,0.000000,0.000000,0.000000,0.000000,0.000000,0.000000,0.000000,0.000000,0.000000,0.000000,0.000000,0.000000,0.000000,0.000000,0.000000,0.000000,0.000000,0.000000,0.000000,0.000000,0.000000,0.000000,0.000000,0.000000,0.000000,0.000000,0.000000,0.000000,0.000000,0.000000,0.000000,0.000000,0.000000,0.000000,0.000000,0.000000,0.000000,0.000000,0.000000,0.000000,0.000000,0.000000,0.000000,0.000000,0.000000,0.000000,0.000000,0.000000,0.000000,0.000000,0.000000,0.000000,0.000000,0.000000,0.000000,0.000000,0.000000,0.000000,0.000000,0.000000,0.000000,0.000000,0.000000,0.000000,0.000000,0.000000,0.000000,0.000000,0.000000,0.000000,0.000000,0.000000,0.000000,0.000000,0.000000,0.000000,0.000000,0.000000,0.000000,0.000000,0.000000,0.000000,0.000000,0.000000,0.000000,0.000000,0.000000,0.000000,0.000000,0.000000,0.000000,0.000000,0.000000,
avg_symbol_len: 19.000000,131.562500,2.937500,16.687500,0.437500,3.375000,1.000000,9.750000,
avg_symbol_cnt: 184.750000
avg_hashtable_usage: 34.187500
avg_shortcodes_usage: 150.562500
max_2len_start_chars: 17
avg_2len_start_chars: 17.000000
max_2len_combinations: 8
avg_2len_combinations: 7.738971
0.321
Cycles (1) completed. Stats:
	Parameters:
		Block size: 67108864
		Input size: 1073741824
		Effective table size: 67108864
		File name: ../../thesis-testing/dbtext-inflated-1gb/output_uuid
	Compression:
		Duration (us): 3378577
		Throughput (GB/s): 0.318
		Compressed size: 511468361
	Decompression:
		Duration (us): 2295240
		Throughput (GB/s): 0.468
		Ratio: 2.0993
	Compression phases:
		Table generation (GB/s, us): 30.331 (35401)
		Precomputation (GB/s, us): inf (0)
		Encoding (GB/s, us): 0.321 (3343072)
		Postprocessing (GB/s, us): inf (0)
avg_symbol_2len_start_char: 0.000000,0.000000,0.000000,0.000000,0.000000,0.000000,0.000000,0.000000,0.000000,0.000000,5.187500,0.000000,0.000000,0.000000,0.000000,0.000000,0.000000,0.000000,0.000000,0.000000,0.000000,0.000000,0.000000,0.000000,0.000000,0.000000,0.000000,0.000000,0.000000,0.000000,0.000000,0.000000,0.000000,0.000000,0.000000,0.000000,0.000000,0.000000,0.000000,0.000000,0.000000,0.000000,0.000000,0.000000,0.000000,0.000000,2.500000,0.000000,0.437500,1.812500,0.562500,0.250000,0.187500,0.312500,0.312500,0.312500,0.437500,0.312500,0.000000,0.000000,0.000000,0.000000,0.000000,0.000000,1.125000,0.000000,0.000000,0.000000,0.000000,0.000000,0.000000,0.000000,0.000000,0.000000,0.000000,0.000000,0.000000,0.000000,0.000000,0.000000,0.000000,0.000000,0.000000,0.000000,0.000000,0.000000,0.000000,0.000000,0.000000,0.000000,0.000000,0.000000,0.000000,0.000000,0.000000,0.125000,0.000000,7.000000,4.375000,5.125000,4.625000,6.000000,1.812500,4.437500,3.500000,6.562500,1.375000,3.437500,6.062500,6.125000,6.687500,6.000000,3.562500,0.000000,5.875000,7.312500,6.687500,5.250000,2.625000,2.062500,0.562500,2.187500,0.187500,0.000000,0.000000,0.000000,0.000000,0.000000,0.000000,0.000000,0.000000,0.000000,0.000000,0.000000,0.000000,0.000000,0.000000,0.000000,0.000000,0.000000,0.000000,0.000000,0.000000,0.000000,0.000000,0.000000,0.000000,0.000000,0.000000,0.000000,0.000000,0.000000,0.000000,0.000000,0.000000,0.000000,0.000000,0.000000,0.000000,0.000000,0.000000,0.000000,0.000000,0.000000,0.000000,0.000000,0.000000,0.000000,0.000000,0.000000,0.000000,0.000000,0.000000,0.000000,0.000000,0.000000,0.000000,0.000000,0.000000,0.000000,0.000000,0.000000,0.000000,0.000000,0.000000,0.000000,0.000000,0.000000,0.000000,0.000000,0.000000,0.000000,0.000000,0.000000,0.000000,0.000000,0.000000,0.000000,0.000000,0.000000,0.000000,0.000000,0.000000,0.000000,0.000000,0.000000,0.000000,0.000000,0.000000,0.000000,0.000000,0.000000,0.000000,0.000000,0.000000,0.000000,0.000000,0.000000,0.000000,0.000000,0.000000,0.000000,0.000000,0.000000,0.000000,0.000000,0.000000,0.000000,0.000000,0.000000,0.000000,0.000000,0.000000,0.000000,0.000000,0.000000,0.000000,0.000000,0.000000,0.000000,0.000000,0.000000,0.000000,0.000000,0.000000,0.000000,0.000000,0.000000,0.000000,0.000000,0.000000,0.000000,0.000000,0.000000,0.000000,
avg_symbol_len: 42.125000,123.312500,20.375000,5.187500,5.937500,7.625000,3.062500,26.125000,
avg_symbol_cnt: 233.750000
avg_hashtable_usage: 68.312500
avg_shortcodes_usage: 165.437500
max_2len_start_chars: 32
avg_2len_start_chars: 30.437500
max_2len_combinations: 8
avg_2len_combinations: 4.061229
0.289
Cycles (1) completed. Stats:
	Parameters:
		Block size: 67108864
		Input size: 1073741824
		Effective table size: 67108864
		File name: ../../thesis-testing/dbtext-inflated-1gb/output_email
	Compression:
		Duration (us): 3749323
		Throughput (GB/s): 0.286
		Compressed size: 527442768
	Decompression:
		Duration (us): 2909350
		Throughput (GB/s): 0.369
		Ratio: 2.0358
	Compression phases:
		Table generation (GB/s, us): 29.440 (36472)
		Precomputation (GB/s, us): inf (0)
		Encoding (GB/s, us): 0.289 (3712747)
		Postprocessing (GB/s, us): inf (0)
avg_symbol_2len_start_char: 0.000000,0.000000,0.000000,0.000000,0.000000,0.000000,0.000000,0.000000,0.000000,0.000000,8.000000,0.000000,0.000000,0.000000,0.000000,0.000000,0.000000,0.000000,0.000000,0.000000,0.000000,0.000000,0.000000,0.000000,0.000000,0.000000,0.000000,0.000000,0.000000,0.000000,0.000000,0.000000,0.000000,0.000000,0.000000,0.000000,0.000000,0.000000,0.000000,0.000000,0.000000,0.000000,0.000000,0.000000,0.000000,0.000000,0.000000,0.000000,6.812500,8.000000,8.000000,8.000000,8.000000,8.000000,8.000000,8.000000,8.000000,8.000000,0.000000,0.000000,0.000000,0.000000,0.000000,0.000000,0.000000,8.000000,8.000000,8.000000,8.000000,8.000000,8.000000,0.000000,0.000000,0.000000,0.000000,0.000000,0.000000,0.000000,0.000000,0.000000,0.000000,0.000000,0.000000,0.000000,0.000000,0.000000,0.000000,0.000000,0.000000,0.000000,0.000000,0.000000,0.000000,0.000000,0.000000,0.000000,0.000000,0.000000,0.000000,0.000000,0.000000,0.000000,0.000000,0.000000,0.000000,0.000000,0.000000,0.000000,0.000000,0.000000,0.000000,0.000000,0.000000,0.000000,0.000000,0.000000,0.000000,0.000000,0.000000,0.000000,0.000000,0.000000,0.000000,0.000000,0.000000,0.000000,0.000000,0.000000,0.000000,0.000000,0.000000,0.000000,0.000000,0.000000,0.000000,0.000000,0.000000,0.000000,0.000000,0.000000,0.000000,0.000000,0.000000,0.000000,0.000000,0.000000,0.000000,0.000000,0.000000,0.000000,0.000000,0.000000,0.000000,0.000000,0.000000,0.000000,0.000000,0.000000,0.000000,0.000000,0.000000,0.000000,0.000000,0.000000,0.000000,0.000000,0.000000,0.000000,0.000000,0.000000,0.000000,0.000000,0.000000,0.000000,0.000000,0.000000,0.000000,0.000000,0.000000,0.000000,0.000000,0.000000,0.000000,0.000000,0.000000,0.000000,0.000000,0.000000,0.000000,0.000000,0.000000,0.000000,0.000000,0.000000,0.000000,0.000000,0.000000,0.000000,0.000000,0.000000,0.000000,0.000000,0.000000,0.000000,0.000000,0.000000,0.000000,0.000000,0.000000,0.000000,0.000000,0.000000,0.000000,0.000000,0.000000,0.000000,0.000000,0.000000,0.000000,0.000000,0.000000,0.000000,0.000000,0.000000,0.000000,0.000000,0.000000,0.000000,0.000000,0.000000,0.000000,0.000000,0.000000,0.000000,0.000000,0.000000,0.000000,0.000000,0.000000,0.000000,0.000000,0.000000,0.000000,0.000000,0.000000,0.000000,0.000000,0.000000,0.000000,0.000000,0.000000,0.000000,0.000000,0.000000,0.000000,
avg_symbol_len: 18.000000,134.812500,0.000000,0.000000,0.000000,0.000000,0.000000,0.000000,
avg_symbol_cnt: 152.812500
avg_hashtable_usage: 0.000000
avg_shortcodes_usage: 152.812500
max_2len_start_chars: 17
avg_2len_start_chars: 17.000000
max_2len_combinations: 8
avg_2len_combinations: 7.930147
0.235
Cycles (1) completed. Stats:
	Parameters:
		Block size: 67108864
		Input size: 1073741824
		Effective table size: 67108864
		File name: ../../thesis-testing/dbtext-inflated-1gb/output_hex
	Compression:
		Duration (us): 4615617
		Throughput (GB/s): 0.233
		Compressed size: 712577574
	Decompression:
		Duration (us): 2985309
		Throughput (GB/s): 0.360
		Ratio: 1.5068
	Compression phases:
		Table generation (GB/s, us): 21.990 (48828)
		Precomputation (GB/s, us): inf (0)
		Encoding (GB/s, us): 0.235 (4566686)
		Postprocessing (GB/s, us): inf (0)
avg_symbol_2len_start_char: 0.000000,0.000000,0.000000,0.000000,0.000000,0.000000,0.000000,0.000000,0.000000,0.000000,0.000000,0.000000,0.000000,0.000000,0.000000,0.000000,0.000000,0.000000,0.000000,0.000000,0.000000,0.000000,0.000000,0.000000,0.000000,0.000000,0.000000,0.000000,0.000000,0.000000,0.000000,0.000000,0.000000,0.000000,0.000000,0.000000,0.000000,0.000000,0.000000,0.000000,0.000000,0.000000,0.000000,0.000000,0.000000,3.000000,1.000000,4.125000,4.187500,4.125000,3.750000,2.125000,1.562500,1.875000,0.875000,1.000000,0.937500,1.000000,5.375000,0.000000,0.000000,0.000000,0.000000,0.000000,0.000000,0.062500,0.000000,0.000000,0.000000,0.000000,0.000000,0.000000,0.000000,0.000000,0.000000,0.000000,0.000000,0.062500,0.000000,0.000000,0.000000,0.000000,0.000000,0.062500,2.625000,0.000000,0.000000,0.000000,0.000000,0.000000,0.000000,0.000000,0.000000,0.000000,0.000000,0.125000,0.000000,5.562500,0.000000,3.062500,1.187500,4.250000,0.000000,1.187500,0.875000,2.750000,0.000000,0.125000,3.562500,1.875000,1.875000,2.812500,0.625000,0.875000,3.062500,3.187500,2.187500,1.937500,1.062500,0.750000,0.000000,0.000000,0.000000,0.000000,0.000000,0.000000,0.000000,0.000000,0.000000,0.000000,0.000000,0.000000,0.000000,0.000000,0.000000,0.000000,0.000000,0.000000,0.000000,0.000000,0.000000,0.000000,0.000000,0.000000,0.000000,0.000000,0.000000,0.000000,0.000000,0.000000,0.000000,0.000000,0.000000,0.000000,0.000000,0.000000,0.000000,0.000000,0.000000,0.000000,0.000000,0.000000,0.000000,0.000000,0.000000,0.000000,0.000000,0.000000,0.000000,0.000000,0.000000,0.000000,0.000000,0.000000,0.000000,0.000000,0.000000,0.000000,0.000000,0.000000,0.000000,0.000000,0.000000,0.000000,0.000000,0.000000,0.000000,0.000000,0.000000,0.000000,0.000000,0.000000,0.000000,0.000000,0.000000,0.000000,0.000000,0.000000,0.000000,0.000000,0.000000,0.000000,0.000000,0.000000,0.000000,0.000000,0.000000,0.000000,0.000000,0.000000,0.000000,0.000000,0.000000,0.000000,0.000000,0.000000,0.000000,0.000000,0.000000,0.000000,0.000000,0.000000,0.000000,0.000000,0.000000,0.000000,0.000000,0.000000,0.000000,0.000000,0.000000,0.000000,0.000000,0.000000,0.000000,0.000000,0.000000,0.000000,0.000000,0.000000,0.000000,0.000000,0.000000,0.000000,0.000000,0.000000,0.000000,0.000000,0.000000,0.000000,0.000000,0.000000,0.000000,0.000000,0.000000,
avg_symbol_len: 79.875000,80.687500,18.437500,9.187500,22.062500,6.937500,6.187500,29.000000,
avg_symbol_cnt: 252.375000
avg_hashtable_usage: 91.812500
avg_shortcodes_usage: 160.562500
max_2len_start_chars: 32
avg_2len_start_chars: 31.125000
max_2len_combinations: 8
avg_2len_combinations: 2.599302
0.404
Cycles (1) completed. Stats:
	Parameters:
		Block size: 67108864
		Input size: 1073741824
		Effective table size: 67108864
		File name: ../../thesis-testing/dbtext-inflated-1gb/output_urls
	Compression:
		Duration (us): 2678700
		Throughput (GB/s): 0.401
		Compressed size: 440101515
	Decompression:
		Duration (us): 1765313
		Throughput (GB/s): 0.608
		Ratio: 2.4398
	Compression phases:
		Table generation (GB/s, us): 45.146 (23784)
		Precomputation (GB/s, us): inf (0)
		Encoding (GB/s, us): 0.404 (2654814)
		Postprocessing (GB/s, us): inf (0)
avg_symbol_2len_start_char: 0.000000,0.000000,0.000000,0.000000,0.000000,0.000000,0.000000,0.000000,0.000000,0.000000,7.687500,0.000000,0.000000,0.000000,0.000000,0.000000,0.000000,0.000000,0.000000,0.000000,0.000000,0.000000,0.000000,0.000000,0.000000,0.000000,0.000000,0.000000,0.000000,0.000000,0.000000,0.000000,0.000000,0.000000,0.000000,0.000000,0.000000,0.000000,0.000000,0.000000,0.000000,1.000000,0.000000,0.000000,1.000000,0.000000,0.937500,0.000000,0.000000,0.437500,0.062500,0.000000,0.000000,0.000000,0.000000,0.000000,0.000000,0.000000,0.000000,0.000000,0.000000,0.000000,0.000000,0.000000,0.000000,0.000000,0.312500,1.687500,0.375000,0.000000,0.062500,0.125000,0.125000,0.250000,0.125000,0.062500,0.437500,1.375000,0.500000,0.000000,0.375000,0.000000,0.437500,0.375000,0.125000,0.000000,0.000000,0.250000,0.000000,0.000000,0.000000,0.000000,0.000000,0.000000,0.000000,7.562500,0.000000,8.000000,1.250000,4.437500,4.312500,7.750000,0.250000,2.125000,4.250000,7.937500,0.000000,2.437500,6.000000,3.500000,7.875000,7.937500,2.250000,0.000000,6.750000,5.937500,7.312500,5.625000,2.312500,0.875000,0.000000,2.062500,0.000000,0.000000,0.000000,0.000000,0.000000,0.000000,0.000000,0.000000,0.000000,0.000000,0.000000,0.000000,0.000000,0.000000,0.000000,0.000000,0.000000,0.000000,0.000000,0.000000,0.000000,0.000000,0.000000,0.000000,0.000000,0.000000,0.000000,0.000000,0.000000,0.000000,0.000000,0.000000,0.000000,0.000000,0.000000,0.000000,0.000000,0.000000,0.000000,0.000000,0.000000,0.000000,0.000000,0.000000,0.000000,0.000000,0.000000,0.000000,0.000000,0.000000,0.000000,0.000000,0.000000,0.000000,0.000000,0.000000,0.000000,0.000000,0.000000,0.000000,0.000000,0.000000,0.000000,0.000000,0.000000,0.000000,0.000000,0.000000,0.000000,0.000000,0.000000,0.000000,0.000000,0.062500,0.000000,0.000000,0.000000,0.000000,0.000000,0.000000,0.000000,0.000000,0.000000,0.000000,0.000000,0.000000,0.000000,0.000000,0.000000,0.000000,0.000000,0.000000,0.000000,0.000000,0.000000,0.000000,0.000000,0.000000,0.000000,0.000000,0.000000,0.000000,0.000000,0.000000,0.000000,0.000000,0.000000,0.000000,0.000000,0.000000,0.000000,0.000000,0.000000,0.000000,0.000000,0.000000,0.000000,0.000000,0.000000,0.000000,0.000000,0.000000,0.000000,0.000000,0.000000,0.000000,0.000000,0.000000,0.000000,0.000000,0.000000,0.000000,0.000000,
avg_symbol_len: 85.187500,126.937500,31.437500,4.125000,3.500000,0.937500,0.812500,0.062500,
avg_symbol_cnt: 253.000000
avg_hashtable_usage: 40.875000
avg_shortcodes_usage: 212.125000
max_2len_start_chars: 32
avg_2len_start_chars: 31.937500
max_2len_combinations: 8
avg_2len_combinations: 3.975554
0.232
Cycles (1) completed. Stats:
	Parameters:
		Block size: 67108864
		Input size: 1073741824
		Effective table size: 67108864
		File name: ../../thesis-testing/dbtext-inflated-1gb/output_yago
	Compression:
		Duration (us): 4663898
		Throughput (GB/s): 0.230
		Compressed size: 691267412
	Decompression:
		Duration (us): 3292503
		Throughput (GB/s): 0.326
		Ratio: 1.5533
	Compression phases:
		Table generation (GB/s, us): 24.959 (43020)
		Precomputation (GB/s, us): inf (0)
		Encoding (GB/s, us): 0.232 (4620779)
		Postprocessing (GB/s, us): inf (0)
avg_symbol_2len_start_char: 0.000000,0.000000,0.000000,0.000000,0.000000,0.000000,0.000000,0.000000,0.000000,0.000000,0.062500,0.000000,0.000000,0.000000,0.000000,0.000000,0.000000,0.000000,0.000000,0.000000,0.000000,0.000000,0.000000,0.000000,0.000000,0.000000,0.000000,0.000000,0.000000,0.000000,0.000000,0.000000,0.000000,0.000000,0.000000,0.000000,0.000000,0.062500,0.000000,0.000000,0.000000,0.000000,0.000000,0.000000,0.000000,1.187500,1.000000,3.687500,1.000000,1.312500,0.875000,0.000000,0.000000,0.000000,0.000000,0.000000,0.000000,0.062500,0.000000,0.000000,0.000000,0.125000,0.000000,0.000000,0.000000,0.125000,0.000000,0.250000,0.000000,0.000000,0.000000,0.000000,0.000000,0.000000,0.000000,0.000000,0.000000,0.250000,0.000000,0.000000,0.000000,0.000000,0.000000,0.000000,0.000000,0.000000,0.000000,0.000000,0.000000,0.000000,0.000000,0.000000,0.000000,0.000000,0.000000,2.750000,0.000000,7.437500,3.312500,4.875000,3.125000,7.500000,1.687500,2.812500,3.312500,7.187500,0.000000,0.437500,4.875000,2.875000,6.250000,6.750000,3.937500,0.000000,4.500000,7.812500,6.812500,4.625000,2.187500,0.812500,0.000000,0.812500,0.000000,0.000000,0.000000,0.000000,0.000000,0.000000,0.000000,0.000000,0.000000,0.000000,0.000000,0.000000,0.000000,0.000000,0.000000,0.000000,0.000000,0.000000,0.000000,0.000000,0.000000,0.000000,0.000000,0.000000,0.000000,0.000000,0.000000,0.000000,0.000000,0.000000,0.000000,0.000000,0.000000,0.000000,0.000000,0.000000,0.000000,0.000000,0.000000,0.000000,0.000000,0.000000,0.000000,0.000000,0.000000,0.000000,0.000000,0.000000,0.000000,0.000000,0.000000,0.000000,0.000000,0.000000,0.000000,0.000000,0.000000,0.000000,0.000000,0.000000,0.000000,0.000000,0.000000,0.000000,0.000000,0.000000,0.000000,0.000000,0.000000,0.000000,0.000000,0.000000,0.000000,0.000000,0.000000,0.000000,0.000000,0.000000,0.000000,0.000000,0.000000,0.000000,0.000000,0.000000,0.000000,0.000000,0.000000,0.000000,0.000000,0.000000,0.000000,0.000000,0.000000,0.000000,0.000000,0.000000,0.000000,0.000000,0.000000,0.000000,0.000000,0.000000,0.000000,0.000000,0.000000,0.000000,0.000000,0.000000,0.000000,0.000000,0.000000,0.000000,0.000000,0.000000,0.000000,0.000000,0.000000,0.000000,0.000000,0.000000,0.000000,0.000000,0.000000,0.000000,0.000000,0.000000,0.000000,0.000000,0.000000,0.000000,0.000000,0.000000,0.000000,
avg_symbol_len: 77.812500,106.687500,16.312500,7.125000,10.750000,3.750000,5.125000,24.562500,
avg_symbol_cnt: 252.125000
avg_hashtable_usage: 67.625000
avg_shortcodes_usage: 184.500000
max_2len_start_chars: 29
avg_2len_start_chars: 27.250000
max_2len_combinations: 8
avg_2len_combinations: 3.923573
0.317
Cycles (1) completed. Stats:
	Parameters:
		Block size: 67108864
		Input size: 1073741824
		Effective table size: 67108864
		File name: ../../thesis-testing/dbtext-inflated-1gb/output_urls2
	Compression:
		Duration (us): 3421763
		Throughput (GB/s): 0.314
		Compressed size: 518346133
	Decompression:
		Duration (us): 2556372
		Throughput (GB/s): 0.420
		Ratio: 2.0715
	Compression phases:
		Table generation (GB/s, us): 32.638 (32899)
		Precomputation (GB/s, us): inf (0)
		Encoding (GB/s, us): 0.317 (3388766)
		Postprocessing (GB/s, us): inf (0)

2.8013,
3.4225,
2.2489,
1.5884,
2.0993,
2.0358,
1.5068,
2.4398,
1.5533,
2.0715,
TPC-H:  3.1119
GDelt:  2.2489
DBtext: 1.8993