avg_symbol_2len_start_char: 0.000000,0.000000,0.000000,0.000000,0.000000,0.000000,0.000000,0.000000,0.000000,0.000000,8.000000,0.000000,0.000000,0.000000,0.000000,0.000000,0.000000,0.000000,0.000000,0.000000,0.000000,0.000000,0.000000,0.000000,0.000000,0.000000,0.000000,0.000000,0.000000,0.000000,0.000000,0.000000,7.983051,0.000000,0.000000,0.000000,0.000000,0.000000,0.000000,0.000000,0.000000,0.000000,0.000000,0.000000,1.000000,0.000000,1.033898,0.000000,0.000000,0.000000,0.000000,0.000000,0.000000,0.000000,0.000000,0.000000,0.000000,0.000000,0.000000,0.000000,0.000000,0.000000,0.000000,0.000000,0.000000,0.000000,0.000000,0.000000,0.000000,0.000000,0.000000,0.000000,0.000000,0.000000,0.000000,0.000000,0.000000,0.000000,0.000000,0.000000,0.000000,0.000000,0.000000,0.000000,0.000000,0.000000,0.000000,0.000000,0.000000,0.000000,0.000000,0.000000,0.000000,0.000000,0.000000,0.000000,0.000000,6.152543,1.457627,5.288136,2.271186,5.084746,3.008475,1.381356,1.203390,4.974576,0.016949,0.432203,5.872881,0.398305,3.093220,4.355932,2.788136,0.593220,5.711864,4.237288,4.050848,4.237288,0.966102,0.584746,0.169492,2.254237,0.000000,0.000000,0.000000,0.000000,0.000000,0.000000,0.000000,0.000000,0.000000,0.000000,0.000000,0.000000,0.000000,0.000000,0.000000,0.000000,0.000000,0.000000,0.000000,0.000000,0.000000,0.000000,0.000000,0.000000,0.000000,0.000000,0.000000,0.000000,0.000000,0.000000,0.000000,0.000000,0.000000,0.000000,0.000000,0.000000,0.000000,0.000000,0.000000,0.000000,0.000000,0.000000,0.000000,0.000000,0.000000,0.000000,0.000000,0.000000,0.000000,0.000000,0.000000,0.000000,0.000000,0.000000,0.000000,0.000000,0.000000,0.000000,0.000000,0.000000,0.000000,0.000000,0.000000,0.000000,0.000000,0.000000,0.000000,0.000000,0.000000,0.000000,0.000000,0.000000,0.000000,0.000000,0.000000,0.000000,0.000000,0.000000,0.000000,0.000000,0.000000,0.000000,0.000000,0.000000,0.000000,0.000000,0.000000,0.000000,0.000000,0.000000,0.000000,0.000000,0.000000,0.000000,0.000000,0.000000,0.000000,0.000000,0.000000,0.000000,0.000000,0.000000,0.000000,0.000000,0.000000,0.000000,0.000000,0.000000,0.000000,0.000000,0.000000,0.000000,0.000000,0.000000,0.000000,0.000000,0.000000,0.000000,0.000000,0.000000,0.000000,0.000000,0.000000,0.000000,0.000000,0.000000,0.000000,0.000000,0.000000,0.000000,0.000000,0.000000,0.000000,
avg_symbol_len: 36.745762,88.601692,20.313559,14.296610,17.559322,18.211864,13.067797,33.135593,
avg_symbol_cnt: 241.932205
avg_hashtable_usage: 116.584747
avg_shortcodes_usage: 125.347458
max_2len_start_chars: 28
avg_2len_start_chars: 24.576271
max_2len_combinations: 8
avg_2len_combinations: 3.612223
0.353
Cycles (1) completed. Stats:
	Parameters:
		Block size: 8388608
		Input size: 989855744
		Effective table size: 8388608
		File name: ../../thesis-testing/lineitem-1gb/lineitem-comments-1gb-1.txt
	Compression:
		Duration (us): 2967968
		Throughput (GB/s): 0.334
		Compressed size: 352306704
	Decompression:
		Duration (us): 2379116
		Throughput (GB/s): 0.416
		Ratio: 2.8096
	Compression phases:
		Table generation (GB/s, us): 6.000 (164967)
		Precomputation (GB/s, us): inf (0)
		Encoding (GB/s, us): 0.353 (2802800)
		Postprocessing (GB/s, us): inf (0)
avg_symbol_2len_start_char: 0.000000,0.000000,0.000000,0.000000,0.000000,0.000000,0.000000,0.000000,0.000000,0.000000,1.610619,0.000000,0.000000,0.000000,0.000000,0.000000,0.000000,0.000000,0.000000,0.000000,0.000000,0.000000,0.000000,0.000000,0.000000,0.000000,0.000000,0.000000,0.000000,0.000000,0.000000,0.000000,0.000000,0.000000,0.000000,0.194690,0.000000,0.000000,0.000000,0.000000,0.000000,0.000000,0.000000,0.000000,0.000000,0.000000,0.000000,0.000000,7.681416,7.088496,6.849557,7.265487,7.000000,7.159292,7.070796,7.221239,6.911504,7.539823,0.000000,0.000000,0.000000,0.000000,0.000000,0.000000,0.000000,0.000000,0.000000,0.141593,0.000000,0.000000,0.000000,0.000000,0.000000,0.000000,0.000000,0.000000,0.000000,0.000000,0.000000,0.000000,0.000000,0.000000,0.000000,0.000000,0.000000,0.000000,0.000000,0.000000,0.000000,0.000000,0.000000,0.000000,0.000000,0.000000,0.000000,0.000000,0.000000,0.000000,0.000000,0.000000,0.000000,0.353982,0.000000,0.000000,0.000000,0.000000,0.000000,0.000000,0.000000,1.327434,0.000000,0.106195,0.000000,0.000000,1.424779,0.221239,1.380531,1.221239,0.000000,0.000000,0.000000,0.000000,0.000000,0.000000,0.000000,0.000000,0.000000,0.000000,0.000000,0.000000,0.000000,0.000000,0.000000,0.000000,0.000000,0.000000,0.000000,0.000000,0.000000,0.000000,0.000000,0.000000,0.000000,0.000000,0.000000,0.000000,0.000000,0.000000,0.000000,0.000000,0.000000,0.000000,0.000000,0.000000,0.000000,0.000000,0.000000,0.000000,0.000000,0.000000,0.000000,0.000000,0.000000,0.000000,0.000000,0.000000,0.000000,0.000000,0.000000,0.000000,0.000000,0.000000,0.000000,0.000000,0.000000,0.000000,0.000000,0.000000,0.000000,0.000000,0.000000,0.000000,0.000000,0.000000,0.000000,0.000000,0.000000,0.000000,0.000000,0.000000,0.000000,0.000000,0.000000,0.000000,0.000000,0.000000,0.000000,0.000000,0.000000,0.000000,0.000000,0.000000,0.000000,0.000000,0.000000,0.000000,0.000000,0.000000,0.000000,0.000000,0.000000,0.000000,0.000000,0.000000,0.000000,0.000000,0.000000,0.000000,0.000000,0.000000,0.000000,0.000000,0.000000,0.000000,0.000000,0.000000,0.000000,0.000000,0.000000,0.000000,0.000000,0.000000,0.000000,0.000000,0.000000,0.000000,0.000000,0.000000,0.000000,0.000000,0.000000,0.000000,0.000000,0.000000,0.000000,0.000000,0.000000,0.000000,0.000000,0.000000,0.000000,0.000000,0.000000,0.000000,0.000000,
avg_symbol_len: 20.486725,79.769913,21.477877,12.858407,18.132744,21.469027,0.964602,42.884956,
avg_symbol_cnt: 218.044250
avg_hashtable_usage: 117.787613
avg_shortcodes_usage: 100.256638
max_2len_start_chars: 20
avg_2len_start_chars: 15.327434
max_2len_combinations: 8
avg_2len_combinations: 5.247108
0.719
Cycles (1) completed. Stats:
	Parameters:
		Block size: 8388608
		Input size: 947912704
		Effective table size: 8388608
		File name: ../../thesis-testing/customer-1gb/customer-id-1gb-1.txt
	Compression:
		Duration (us): 1427766
		Throughput (GB/s): 0.664
		Compressed size: 254196091
	Decompression:
		Duration (us): 828850
		Throughput (GB/s): 1.144
		Ratio: 3.7291
	Compression phases:
		Table generation (GB/s, us): 8.703 (108914)
		Precomputation (GB/s, us): inf (0)
		Encoding (GB/s, us): 0.719 (1318659)
		Postprocessing (GB/s, us): inf (0)
avg_symbol_2len_start_char: 0.000000,0.000000,0.000000,0.000000,0.000000,0.000000,0.000000,0.000000,0.000000,0.000000,2.867188,0.000000,0.000000,0.000000,0.000000,0.000000,0.000000,0.000000,0.000000,0.000000,0.000000,0.000000,0.000000,0.000000,0.000000,0.000000,0.000000,0.000000,0.000000,0.000000,0.000000,0.000000,2.367188,0.000000,0.000000,0.000000,0.000000,0.000000,0.000000,0.000000,0.000000,0.007812,0.000000,0.000000,1.000000,0.000000,0.000000,0.000000,0.000000,0.000000,0.000000,0.000000,0.000000,0.000000,0.000000,0.000000,0.000000,0.000000,0.000000,0.000000,0.000000,0.000000,0.000000,0.000000,0.000000,0.750000,1.039062,1.390625,0.382812,0.000000,0.023438,0.171875,0.421875,0.421875,0.226562,0.335938,0.921875,1.562500,0.242188,0.015625,0.578125,0.015625,0.023438,0.343750,0.703125,0.382812,0.117188,0.390625,0.000000,0.046875,0.007812,0.000000,0.000000,0.000000,0.000000,0.000000,0.000000,6.695312,1.554688,1.281250,1.781250,5.726562,0.078125,1.687500,2.546875,5.843750,0.234375,0.757812,2.882812,1.218750,3.992188,4.507812,0.476562,0.007812,3.406250,2.492188,3.578125,2.648438,0.460938,0.906250,0.000000,0.953125,0.023438,0.000000,0.000000,0.000000,0.000000,0.000000,0.000000,0.000000,0.000000,0.000000,0.000000,0.000000,0.000000,0.000000,0.000000,0.000000,0.000000,0.000000,0.000000,0.000000,0.000000,0.000000,0.000000,0.000000,0.000000,0.000000,0.000000,0.000000,0.000000,0.000000,0.000000,0.000000,0.000000,0.000000,0.000000,0.000000,0.000000,0.000000,0.000000,0.000000,0.000000,0.000000,0.000000,0.000000,0.000000,0.000000,0.000000,0.000000,0.000000,0.000000,0.000000,0.000000,0.000000,0.000000,0.000000,0.000000,0.000000,0.000000,0.000000,0.000000,0.000000,0.000000,0.000000,0.000000,0.000000,0.000000,0.000000,0.000000,0.000000,0.000000,0.000000,0.000000,0.000000,0.000000,0.000000,0.000000,0.000000,0.000000,0.000000,0.000000,0.000000,0.000000,0.000000,0.000000,0.000000,0.000000,0.000000,0.000000,0.000000,0.000000,0.000000,0.000000,0.000000,0.000000,0.000000,0.000000,0.000000,0.000000,0.000000,0.000000,0.000000,0.000000,0.000000,0.000000,0.000000,0.000000,0.000000,0.000000,0.000000,0.000000,0.000000,0.000000,0.000000,0.000000,0.000000,0.000000,0.000000,0.000000,0.000000,0.000000,0.000000,0.000000,0.000000,0.000000,0.000000,0.000000,0.000000,0.000000,0.000000,0.000000,0.000000,0.000000,0.000000,
avg_symbol_len: 70.273438,72.500000,27.828125,11.804688,11.054688,11.257812,8.898438,28.851562,
avg_symbol_cnt: 242.468750
avg_hashtable_usage: 99.695312
avg_shortcodes_usage: 142.773438
max_2len_start_chars: 32
avg_2len_start_chars: 30.156250
max_2len_combinations: 8
avg_2len_combinations: 2.414421
0.353
Cycles (1) completed. Stats:
	Parameters:
		Block size: 8388608
		Input size: 1073741824
		Effective table size: 8388608
		File name: ../../thesis-testing/gdelt-locations-inflated-1gb/locations.txt
	Compression:
		Duration (us): 3218360
		Throughput (GB/s): 0.334
		Compressed size: 479260284
	Decompression:
		Duration (us): 2131006
		Throughput (GB/s): 0.504
		Ratio: 2.2404
	Compression phases:
		Table generation (GB/s, us): 6.189 (173489)
		Precomputation (GB/s, us): inf (0)
		Encoding (GB/s, us): 0.353 (3044642)
		Postprocessing (GB/s, us): inf (0)
avg_symbol_2len_start_char: 0.000000,0.000000,0.000000,0.000000,0.000000,0.000000,0.000000,0.000000,0.000000,0.000000,7.328125,0.000000,0.000000,0.000000,0.000000,0.000000,0.000000,0.000000,0.000000,0.000000,0.000000,0.000000,0.000000,0.000000,0.000000,0.000000,0.000000,0.000000,0.000000,0.000000,0.000000,0.000000,0.000000,0.000000,0.000000,0.000000,0.000000,0.000000,0.000000,0.000000,0.000000,1.000000,0.000000,0.000000,1.000000,0.000000,0.578125,0.000000,0.031250,0.945312,0.484375,0.000000,0.000000,0.000000,0.000000,0.000000,0.000000,0.000000,0.000000,0.000000,0.000000,0.000000,0.000000,0.000000,0.000000,0.125000,0.078125,1.164062,0.140625,0.000000,0.000000,0.039062,0.164062,0.257812,0.039062,0.007812,0.554688,0.632812,0.109375,0.000000,0.250000,0.000000,0.757812,0.179688,0.093750,0.000000,0.000000,0.273438,0.000000,0.000000,0.000000,0.000000,0.000000,0.000000,0.000000,6.914062,0.000000,7.968750,1.875000,5.179688,4.101562,7.703125,0.343750,1.937500,3.718750,7.703125,0.000000,1.468750,5.828125,3.609375,7.726562,7.468750,2.867188,0.015625,5.921875,7.062500,6.976562,5.523438,2.125000,0.664062,0.000000,2.000000,0.000000,0.000000,0.000000,0.000000,0.000000,0.000000,0.000000,0.000000,0.000000,0.000000,0.000000,0.000000,0.000000,0.000000,0.000000,0.000000,0.000000,0.000000,0.000000,0.000000,0.000000,0.000000,0.000000,0.000000,0.000000,0.000000,0.000000,0.000000,0.000000,0.000000,0.000000,0.000000,0.000000,0.000000,0.000000,0.000000,0.000000,0.000000,0.000000,0.000000,0.000000,0.000000,0.000000,0.000000,0.000000,0.000000,0.000000,0.000000,0.000000,0.000000,0.000000,0.000000,0.000000,0.000000,0.000000,0.000000,0.000000,0.000000,0.000000,0.000000,0.000000,0.000000,0.000000,0.000000,0.000000,0.000000,0.000000,0.000000,0.000000,0.000000,0.000000,0.000000,0.000000,0.000000,0.000000,0.000000,0.000000,0.000000,0.000000,0.000000,0.000000,0.000000,0.000000,0.000000,0.000000,0.000000,0.000000,0.000000,0.000000,0.000000,0.000000,0.000000,0.000000,0.000000,0.000000,0.000000,0.000000,0.000000,0.000000,0.000000,0.000000,0.000000,0.000000,0.000000,0.000000,0.000000,0.000000,0.000000,0.000000,0.000000,0.000000,0.000000,0.000000,0.000000,0.000000,0.000000,0.000000,0.000000,0.000000,0.000000,0.000000,0.000000,0.000000,0.000000,0.000000,0.000000,0.000000,0.000000,0.000000,0.000000,0.000000,0.000000,0.000000,
avg_symbol_len: 81.335938,122.937500,27.273438,6.570312,6.664062,1.531250,2.007812,4.679688,
avg_symbol_cnt: 253.000000
avg_hashtable_usage: 48.726562
avg_shortcodes_usage: 204.273438
max_2len_start_chars: 32
avg_2len_start_chars: 31.000000
max_2len_combinations: 8
avg_2len_combinations: 3.973639
0.239
Cycles (1) completed. Stats:
	Parameters:
		Block size: 8388608
		Input size: 1073741824
		Effective table size: 8388608
		File name: ../../thesis-testing/dbtext-inflated-1gb/output_wiki
	Compression:
		Duration (us): 4831158
		Throughput (GB/s): 0.222
		Compressed size: 677622263
	Decompression:
		Duration (us): 3528524
		Throughput (GB/s): 0.304
		Ratio: 1.5846
	Compression phases:
		Table generation (GB/s, us): 3.248 (330535)
		Precomputation (GB/s, us): inf (0)
		Encoding (GB/s, us): 0.239 (4500390)
		Postprocessing (GB/s, us): inf (0)
avg_symbol_2len_start_char: 0.000000,0.000000,0.000000,0.000000,0.000000,0.000000,0.000000,0.000000,0.000000,0.000000,0.000000,0.000000,0.000000,0.000000,0.000000,0.000000,0.000000,0.000000,0.000000,0.000000,0.000000,0.000000,0.000000,0.000000,0.000000,0.000000,0.000000,0.000000,0.000000,0.000000,0.000000,0.000000,0.000000,0.000000,0.000000,0.000000,0.000000,0.000000,0.000000,0.000000,0.000000,0.000000,0.000000,0.000000,0.000000,8.000000,0.000000,0.000000,7.062500,7.710938,7.015625,7.867188,7.656250,7.843750,7.390625,7.898438,7.250000,8.000000,0.000000,0.000000,0.000000,0.000000,0.000000,0.000000,0.000000,0.000000,0.000000,0.000000,0.000000,0.000000,0.000000,0.000000,0.000000,0.000000,0.000000,0.000000,0.000000,0.000000,0.000000,0.000000,0.000000,0.000000,0.000000,0.000000,0.000000,0.000000,0.000000,0.000000,0.000000,0.000000,0.000000,0.000000,0.000000,0.000000,0.000000,0.000000,0.000000,8.000000,8.000000,8.000000,8.000000,7.859375,7.890625,0.000000,0.000000,0.000000,0.000000,0.000000,0.000000,0.000000,0.000000,0.000000,0.000000,0.000000,0.000000,0.000000,0.000000,0.000000,0.000000,0.000000,0.000000,0.000000,0.000000,0.000000,0.000000,0.000000,0.000000,0.000000,0.000000,0.000000,0.000000,0.000000,0.000000,0.000000,0.000000,0.000000,0.000000,0.000000,0.000000,0.000000,0.000000,0.000000,0.000000,0.000000,0.000000,0.000000,0.000000,0.000000,0.000000,0.000000,0.000000,0.000000,0.000000,0.000000,0.000000,0.000000,0.000000,0.000000,0.000000,0.000000,0.000000,0.000000,0.000000,0.000000,0.000000,0.000000,0.000000,0.000000,0.000000,0.000000,0.000000,0.000000,0.000000,0.000000,0.000000,0.000000,0.000000,0.000000,0.000000,0.000000,0.000000,0.000000,0.000000,0.000000,0.000000,0.000000,0.000000,0.000000,0.000000,0.000000,0.000000,0.000000,0.000000,0.000000,0.000000,0.000000,0.000000,0.000000,0.000000,0.000000,0.000000,0.000000,0.000000,0.000000,0.000000,0.000000,0.000000,0.000000,0.000000,0.000000,0.000000,0.000000,0.000000,0.000000,0.000000,0.000000,0.000000,0.000000,0.000000,0.000000,0.000000,0.000000,0.000000,0.000000,0.000000,0.000000,0.000000,0.000000,0.000000,0.000000,0.000000,0.000000,0.000000,0.000000,0.000000,0.000000,0.000000,0.000000,0.000000,0.000000,0.000000,0.000000,0.000000,0.000000,0.000000,0.000000,0.000000,0.000000,0.000000,0.000000,0.000000,0.000000,0.000000,0.000000,0.000000,
avg_symbol_len: 19.000000,131.445312,2.898438,16.679688,0.351562,3.468750,1.015625,10.125000,
avg_symbol_cnt: 184.984375
avg_hashtable_usage: 34.539062
avg_shortcodes_usage: 150.445312
max_2len_start_chars: 17
avg_2len_start_chars: 17.000000
max_2len_combinations: 8
avg_2len_combinations: 7.732075
0.321
Cycles (1) completed. Stats:
	Parameters:
		Block size: 8388608
		Input size: 1073741824
		Effective table size: 8388608
		File name: ../../thesis-testing/dbtext-inflated-1gb/output_uuid
	Compression:
		Duration (us): 3626837
		Throughput (GB/s): 0.296
		Compressed size: 511128214
	Decompression:
		Duration (us): 2309962
		Throughput (GB/s): 0.465
		Ratio: 2.1007
	Compression phases:
		Table generation (GB/s, us): 3.838 (279785)
		Precomputation (GB/s, us): inf (0)
		Encoding (GB/s, us): 0.321 (3346823)
		Postprocessing (GB/s, us): inf (0)
avg_symbol_2len_start_char: 0.000000,0.000000,0.000000,0.000000,0.000000,0.000000,0.000000,0.000000,0.000000,0.000000,4.953125,0.000000,0.000000,0.000000,0.000000,0.000000,0.000000,0.000000,0.000000,0.000000,0.000000,0.000000,0.000000,0.000000,0.000000,0.000000,0.000000,0.000000,0.000000,0.000000,0.000000,0.000000,0.000000,0.000000,0.000000,0.000000,0.000000,0.000000,0.000000,0.000000,0.000000,0.000000,0.000000,0.000000,0.000000,0.000000,2.398438,0.000000,0.609375,1.953125,0.890625,0.320312,0.328125,0.382812,0.265625,0.367188,0.281250,0.335938,0.000000,0.000000,0.000000,0.000000,0.000000,0.000000,1.125000,0.000000,0.000000,0.000000,0.000000,0.000000,0.000000,0.000000,0.000000,0.000000,0.000000,0.000000,0.000000,0.000000,0.000000,0.000000,0.000000,0.000000,0.000000,0.000000,0.000000,0.000000,0.000000,0.000000,0.000000,0.000000,0.000000,0.000000,0.000000,0.000000,0.000000,0.031250,0.000000,6.726562,4.765625,4.914062,4.500000,6.460938,1.851562,3.851562,3.539062,6.601562,1.570312,3.570312,6.484375,6.132812,7.429688,5.500000,3.218750,0.007812,5.718750,7.226562,6.539062,4.773438,2.710938,1.937500,0.445312,1.875000,0.226562,0.000000,0.000000,0.000000,0.000000,0.000000,0.000000,0.000000,0.000000,0.000000,0.000000,0.000000,0.000000,0.000000,0.000000,0.000000,0.000000,0.000000,0.000000,0.000000,0.000000,0.000000,0.000000,0.000000,0.000000,0.000000,0.000000,0.000000,0.000000,0.000000,0.000000,0.000000,0.000000,0.000000,0.000000,0.000000,0.000000,0.000000,0.000000,0.000000,0.000000,0.000000,0.000000,0.000000,0.000000,0.000000,0.000000,0.000000,0.000000,0.000000,0.000000,0.000000,0.000000,0.000000,0.000000,0.000000,0.000000,0.000000,0.000000,0.000000,0.000000,0.000000,0.000000,0.000000,0.000000,0.000000,0.000000,0.000000,0.000000,0.000000,0.000000,0.000000,0.000000,0.000000,0.000000,0.000000,0.000000,0.000000,0.000000,0.000000,0.000000,0.000000,0.000000,0.000000,0.000000,0.000000,0.000000,0.000000,0.000000,0.000000,0.000000,0.000000,0.000000,0.000000,0.000000,0.000000,0.000000,0.000000,0.000000,0.000000,0.000000,0.000000,0.000000,0.000000,0.000000,0.000000,0.000000,0.000000,0.000000,0.000000,0.000000,0.000000,0.000000,0.000000,0.000000,0.000000,0.000000,0.000000,0.000000,0.000000,0.000000,0.000000,0.000000,0.000000,0.000000,0.000000,0.000000,0.000000,0.000000,0.000000,0.000000,0.000000,0.000000,
avg_symbol_len: 42.242188,122.820312,19.906250,4.960938,6.437500,9.148438,3.656250,24.882812,
avg_symbol_cnt: 234.054688
avg_hashtable_usage: 68.992188
avg_shortcodes_usage: 165.062500
max_2len_start_chars: 32
avg_2len_start_chars: 30.632812
max_2len_combinations: 8
avg_2len_combinations: 4.021716
0.289
Cycles (1) completed. Stats:
	Parameters:
		Block size: 8388608
		Input size: 1073741824
		Effective table size: 8388608
		File name: ../../thesis-testing/dbtext-inflated-1gb/output_email
	Compression:
		Duration (us): 4004835
		Throughput (GB/s): 0.268
		Compressed size: 527348037
	Decompression:
		Duration (us): 2938462
		Throughput (GB/s): 0.365
		Ratio: 2.0361
	Compression phases:
		Table generation (GB/s, us): 3.715 (288998)
		Precomputation (GB/s, us): inf (0)
		Encoding (GB/s, us): 0.289 (3715618)
		Postprocessing (GB/s, us): inf (0)
avg_symbol_2len_start_char: 0.000000,0.000000,0.000000,0.000000,0.000000,0.000000,0.000000,0.000000,0.000000,0.000000,8.000000,0.000000,0.000000,0.000000,0.000000,0.000000,0.000000,0.000000,0.000000,0.000000,0.000000,0.000000,0.000000,0.000000,0.000000,0.000000,0.000000,0.000000,0.000000,0.000000,0.000000,0.000000,0.000000,0.000000,0.000000,0.000000,0.000000,0.000000,0.000000,0.000000,0.000000,0.000000,0.000000,0.000000,0.000000,0.000000,0.000000,0.000000,7.437500,8.000000,8.000000,8.000000,8.000000,8.000000,8.000000,8.000000,8.000000,8.000000,0.000000,0.000000,0.000000,0.000000,0.000000,0.000000,0.000000,8.000000,8.000000,7.992188,8.000000,8.000000,8.000000,0.000000,0.000000,0.000000,0.000000,0.000000,0.000000,0.000000,0.000000,0.000000,0.000000,0.000000,0.000000,0.000000,0.000000,0.000000,0.000000,0.000000,0.000000,0.000000,0.000000,0.000000,0.000000,0.000000,0.000000,0.000000,0.000000,0.000000,0.000000,0.000000,0.000000,0.000000,0.000000,0.000000,0.000000,0.000000,0.000000,0.000000,0.000000,0.000000,0.000000,0.000000,0.000000,0.000000,0.000000,0.000000,0.000000,0.000000,0.000000,0.000000,0.000000,0.000000,0.000000,0.000000,0.000000,0.000000,0.000000,0.000000,0.000000,0.000000,0.000000,0.000000,0.000000,0.000000,0.000000,0.000000,0.000000,0.000000,0.000000,0.000000,0.000000,0.000000,0.000000,0.000000,0.000000,0.000000,0.000000,0.000000,0.000000,0.000000,0.000000,0.000000,0.000000,0.000000,0.000000,0.000000,0.000000,0.000000,0.000000,0.000000,0.000000,0.000000,0.000000,0.000000,0.000000,0.000000,0.000000,0.000000,0.000000,0.000000,0.000000,0.000000,0.000000,0.000000,0.000000,0.000000,0.000000,0.000000,0.000000,0.000000,0.000000,0.000000,0.000000,0.000000,0.000000,0.000000,0.000000,0.000000,0.000000,0.000000,0.000000,0.000000,0.000000,0.000000,0.000000,0.000000,0.000000,0.000000,0.000000,0.000000,0.000000,0.000000,0.000000,0.000000,0.000000,0.000000,0.000000,0.000000,0.000000,0.000000,0.000000,0.000000,0.000000,0.000000,0.000000,0.000000,0.000000,0.000000,0.000000,0.000000,0.000000,0.000000,0.000000,0.000000,0.000000,0.000000,0.000000,0.000000,0.000000,0.000000,0.000000,0.000000,0.000000,0.000000,0.000000,0.000000,0.000000,0.000000,0.000000,0.000000,0.000000,0.000000,0.000000,0.000000,0.000000,0.000000,0.000000,0.000000,0.000000,0.000000,0.000000,0.000000,0.000000,0.000000,0.000000,
avg_symbol_len: 18.000000,135.429688,0.000000,0.000000,0.000000,0.000000,0.000000,0.000000,
avg_symbol_cnt: 153.429688
avg_hashtable_usage: 0.000000
avg_shortcodes_usage: 153.429688
max_2len_start_chars: 17
avg_2len_start_chars: 17.000000
max_2len_combinations: 8
avg_2len_combinations: 7.966450
0.236
Cycles (1) completed. Stats:
	Parameters:
		Block size: 8388608
		Input size: 1073741824
		Effective table size: 8388608
		File name: ../../thesis-testing/dbtext-inflated-1gb/output_hex
	Compression:
		Duration (us): 4930814
		Throughput (GB/s): 0.218
		Compressed size: 712175988
	Decompression:
		Duration (us): 2998076
		Throughput (GB/s): 0.358
		Ratio: 1.5077
	Compression phases:
		Table generation (GB/s, us): 2.840 (378117)
		Precomputation (GB/s, us): inf (0)
		Encoding (GB/s, us): 0.236 (4552463)
		Postprocessing (GB/s, us): inf (0)
avg_symbol_2len_start_char: 0.000000,0.000000,0.000000,0.000000,0.000000,0.000000,0.000000,0.000000,0.000000,0.000000,0.000000,0.000000,0.000000,0.000000,0.000000,0.000000,0.000000,0.000000,0.000000,0.000000,0.000000,0.000000,0.000000,0.000000,0.000000,0.000000,0.000000,0.000000,0.000000,0.000000,0.000000,0.000000,0.000000,0.000000,0.000000,0.000000,0.000000,0.007812,0.000000,0.000000,0.000000,0.000000,0.000000,0.000000,0.000000,3.023438,1.031250,3.546875,4.281250,3.671875,4.335938,2.250000,1.812500,1.976562,0.945312,0.929688,0.968750,0.937500,5.546875,0.000000,0.000000,0.000000,0.000000,0.000000,0.000000,0.046875,0.000000,0.000000,0.000000,0.000000,0.000000,0.007812,0.000000,0.000000,0.000000,0.000000,0.000000,0.031250,0.000000,0.000000,0.000000,0.000000,0.000000,0.000000,2.781250,0.000000,0.000000,0.000000,0.000000,0.000000,0.000000,0.000000,0.000000,0.000000,0.000000,0.140625,0.000000,5.390625,0.000000,3.445312,0.890625,4.328125,0.000000,1.539062,0.812500,2.828125,0.007812,0.078125,3.593750,1.601562,2.031250,2.531250,0.281250,0.828125,2.781250,3.484375,1.750000,1.945312,1.054688,1.000000,0.000000,0.007812,0.000000,0.000000,0.000000,0.000000,0.000000,0.000000,0.000000,0.000000,0.000000,0.000000,0.000000,0.000000,0.000000,0.000000,0.000000,0.000000,0.000000,0.000000,0.000000,0.000000,0.000000,0.000000,0.000000,0.000000,0.000000,0.000000,0.000000,0.000000,0.000000,0.000000,0.000000,0.000000,0.000000,0.000000,0.000000,0.000000,0.000000,0.000000,0.000000,0.000000,0.000000,0.000000,0.000000,0.000000,0.000000,0.000000,0.000000,0.000000,0.000000,0.000000,0.000000,0.000000,0.000000,0.000000,0.000000,0.000000,0.000000,0.000000,0.000000,0.000000,0.000000,0.000000,0.000000,0.000000,0.000000,0.000000,0.000000,0.000000,0.000000,0.000000,0.000000,0.000000,0.000000,0.000000,0.000000,0.000000,0.000000,0.000000,0.000000,0.000000,0.000000,0.000000,0.000000,0.000000,0.000000,0.000000,0.000000,0.000000,0.000000,0.000000,0.000000,0.000000,0.000000,0.000000,0.000000,0.000000,0.000000,0.000000,0.000000,0.000000,0.000000,0.000000,0.062500,0.007812,0.000000,0.000000,0.000000,0.000000,0.000000,0.000000,0.000000,0.000000,0.000000,0.000000,0.000000,0.000000,0.000000,0.000000,0.000000,0.000000,0.000000,0.000000,0.000000,0.000000,0.000000,0.000000,0.000000,0.000000,0.000000,0.000000,0.000000,0.000000,0.000000,
avg_symbol_len: 81.992188,80.554688,18.351562,9.320312,20.507812,6.046875,6.562500,29.156250,
avg_symbol_cnt: 252.492188
avg_hashtable_usage: 89.945312
avg_shortcodes_usage: 162.546875
max_2len_start_chars: 32
avg_2len_start_chars: 30.460938
max_2len_combinations: 8
avg_2len_combinations: 2.651910
0.405
Cycles (1) completed. Stats:
	Parameters:
		Block size: 8388608
		Input size: 1073741824
		Effective table size: 8388608
		File name: ../../thesis-testing/dbtext-inflated-1gb/output_urls
	Compression:
		Duration (us): 2841460
		Throughput (GB/s): 0.378
		Compressed size: 438601573
	Decompression:
		Duration (us): 1784609
		Throughput (GB/s): 0.602
		Ratio: 2.4481
	Compression phases:
		Table generation (GB/s, us): 5.705 (188202)
		Precomputation (GB/s, us): inf (0)
		Encoding (GB/s, us): 0.405 (2653039)
		Postprocessing (GB/s, us): inf (0)
avg_symbol_2len_start_char: 0.000000,0.000000,0.000000,0.000000,0.000000,0.000000,0.000000,0.000000,0.000000,0.000000,7.679688,0.000000,0.000000,0.000000,0.000000,0.000000,0.000000,0.000000,0.000000,0.000000,0.000000,0.000000,0.000000,0.000000,0.000000,0.000000,0.000000,0.000000,0.000000,0.000000,0.000000,0.000000,0.000000,0.000000,0.000000,0.000000,0.000000,0.000000,0.000000,0.000000,0.000000,1.000000,0.000000,0.000000,1.000000,0.000000,0.945312,0.000000,0.015625,0.515625,0.000000,0.000000,0.000000,0.000000,0.000000,0.000000,0.000000,0.000000,0.000000,0.000000,0.000000,0.000000,0.000000,0.000000,0.000000,0.046875,0.406250,1.796875,0.171875,0.000000,0.039062,0.132812,0.335938,0.203125,0.187500,0.023438,0.312500,1.375000,0.382812,0.000000,0.320312,0.000000,0.312500,0.468750,0.148438,0.000000,0.015625,0.250000,0.000000,0.000000,0.000000,0.000000,0.000000,0.000000,0.000000,7.679688,0.000000,8.000000,1.250000,4.421875,4.343750,7.914062,0.265625,1.929688,4.054688,7.945312,0.000000,2.296875,5.867188,3.179688,7.882812,7.804688,2.132812,0.000000,6.335938,5.906250,7.187500,5.828125,2.304688,0.851562,0.000000,2.054688,0.007812,0.000000,0.000000,0.000000,0.000000,0.000000,0.000000,0.000000,0.000000,0.000000,0.000000,0.000000,0.000000,0.000000,0.000000,0.000000,0.000000,0.000000,0.000000,0.000000,0.000000,0.000000,0.000000,0.000000,0.000000,0.000000,0.000000,0.000000,0.000000,0.000000,0.000000,0.000000,0.000000,0.000000,0.000000,0.000000,0.000000,0.000000,0.000000,0.000000,0.000000,0.000000,0.000000,0.000000,0.000000,0.000000,0.000000,0.000000,0.000000,0.000000,0.000000,0.000000,0.000000,0.000000,0.000000,0.000000,0.000000,0.000000,0.000000,0.000000,0.000000,0.000000,0.000000,0.000000,0.000000,0.000000,0.000000,0.000000,0.000000,0.000000,0.000000,0.000000,0.000000,0.015625,0.000000,0.000000,0.000000,0.000000,0.000000,0.000000,0.000000,0.000000,0.000000,0.000000,0.000000,0.000000,0.000000,0.000000,0.000000,0.000000,0.000000,0.000000,0.000000,0.000000,0.000000,0.000000,0.000000,0.000000,0.000000,0.000000,0.000000,0.000000,0.000000,0.000000,0.000000,0.000000,0.000000,0.000000,0.000000,0.000000,0.000000,0.000000,0.000000,0.000000,0.000000,0.000000,0.000000,0.000000,0.000000,0.000000,0.000000,0.000000,0.000000,0.000000,0.000000,0.000000,0.000000,0.000000,0.000000,0.000000,0.000000,0.000000,0.000000,
avg_symbol_len: 86.695312,125.546875,31.531250,4.125000,2.687500,0.906250,0.875000,0.320312,
avg_symbol_cnt: 252.687500
avg_hashtable_usage: 40.445312
avg_shortcodes_usage: 212.242188
max_2len_start_chars: 32
avg_2len_start_chars: 31.804688
max_2len_combinations: 8
avg_2len_combinations: 3.949544
0.232
Cycles (1) completed. Stats:
	Parameters:
		Block size: 8388608
		Input size: 1073741824
		Effective table size: 8388608
		File name: ../../thesis-testing/dbtext-inflated-1gb/output_yago
	Compression:
		Duration (us): 4975395
		Throughput (GB/s): 0.216
		Compressed size: 692526278
	Decompression:
		Duration (us): 3365634
		Throughput (GB/s): 0.319
		Ratio: 1.5505
	Compression phases:
		Table generation (GB/s, us): 3.163 (339493)
		Precomputation (GB/s, us): inf (0)
		Encoding (GB/s, us): 0.232 (4635666)
		Postprocessing (GB/s, us): inf (0)
avg_symbol_2len_start_char: 0.000000,0.000000,0.000000,0.000000,0.000000,0.000000,0.000000,0.000000,0.000000,0.000000,0.000000,0.000000,0.000000,0.000000,0.000000,0.000000,0.000000,0.000000,0.000000,0.000000,0.000000,0.000000,0.000000,0.000000,0.000000,0.000000,0.000000,0.000000,0.000000,0.000000,0.000000,0.000000,0.000000,0.000000,0.000000,0.000000,0.000000,0.062500,0.023438,0.000000,0.000000,0.000000,0.000000,0.000000,0.046875,1.007812,1.000000,4.515625,0.937500,1.492188,0.890625,0.023438,0.015625,0.023438,0.015625,0.023438,0.007812,0.015625,0.000000,0.000000,0.000000,0.023438,0.000000,0.000000,0.000000,0.132812,0.007812,0.195312,0.007812,0.000000,0.000000,0.000000,0.000000,0.007812,0.000000,0.000000,0.007812,0.218750,0.000000,0.000000,0.023438,0.000000,0.007812,0.023438,0.000000,0.000000,0.000000,0.000000,0.000000,0.000000,0.000000,0.000000,0.000000,0.000000,0.000000,2.632812,0.000000,7.703125,2.898438,5.179688,3.359375,7.523438,1.476562,2.835938,3.265625,7.437500,0.000000,0.585938,4.890625,3.023438,6.078125,6.039062,3.960938,0.023438,4.695312,7.757812,6.484375,4.679688,2.125000,0.656250,0.007812,0.656250,0.000000,0.000000,0.000000,0.000000,0.000000,0.000000,0.000000,0.000000,0.000000,0.000000,0.000000,0.000000,0.000000,0.000000,0.000000,0.000000,0.000000,0.000000,0.000000,0.000000,0.000000,0.000000,0.000000,0.000000,0.000000,0.000000,0.000000,0.000000,0.000000,0.000000,0.000000,0.000000,0.000000,0.000000,0.000000,0.000000,0.000000,0.000000,0.000000,0.000000,0.000000,0.000000,0.000000,0.000000,0.000000,0.000000,0.000000,0.000000,0.000000,0.000000,0.000000,0.000000,0.000000,0.000000,0.000000,0.000000,0.000000,0.000000,0.000000,0.000000,0.000000,0.000000,0.000000,0.000000,0.000000,0.000000,0.000000,0.000000,0.000000,0.000000,0.000000,0.000000,0.000000,0.000000,0.000000,0.000000,0.000000,0.000000,0.000000,0.000000,0.000000,0.000000,0.000000,0.000000,0.000000,0.000000,0.000000,0.000000,0.000000,0.000000,0.000000,0.000000,0.000000,0.000000,0.000000,0.000000,0.000000,0.000000,0.000000,0.000000,0.000000,0.000000,0.000000,0.000000,0.000000,0.000000,0.000000,0.000000,0.000000,0.000000,0.000000,0.000000,0.000000,0.000000,0.000000,0.000000,0.000000,0.000000,0.000000,0.000000,0.000000,0.000000,0.000000,0.000000,0.000000,0.000000,0.000000,0.000000,0.000000,0.000000,0.000000,0.000000,0.000000,
avg_symbol_len: 76.757812,106.734375,16.632812,7.039062,12.062500,3.804688,6.828125,22.570312,
avg_symbol_cnt: 252.429688
avg_hashtable_usage: 68.937500
avg_shortcodes_usage: 183.492188
max_2len_start_chars: 31
avg_2len_start_chars: 27.023438
max_2len_combinations: 8
avg_2len_combinations: 3.959320
0.317
Cycles (1) completed. Stats:
	Parameters:
		Block size: 8388608
		Input size: 1073741824
		Effective table size: 8388608
		File name: ../../thesis-testing/dbtext-inflated-1gb/output_urls2
	Compression:
		Duration (us): 3646595
		Throughput (GB/s): 0.294
		Compressed size: 518277326
	Decompression:
		Duration (us): 2588786
		Throughput (GB/s): 0.415
		Ratio: 2.0718
	Compression phases:
		Table generation (GB/s, us): 4.154 (258467)
		Precomputation (GB/s, us): inf (0)
		Encoding (GB/s, us): 0.317 (3387907)
		Postprocessing (GB/s, us): inf (0)

2.8096,
3.7291,
2.2404,
1.5846,
2.1007,
2.0361,
1.5077,
2.4481,
1.5505,
2.0718,
TPC-H:  3.2694
GDelt:  2.2404
DBtext: 1.8999