avg_symbol_2len_start_char: 0.000000,0.000000,0.000000,0.000000,0.000000,0.000000,0.000000,0.000000,0.000000,0.000000,7.983051,0.000000,0.000000,0.000000,0.000000,0.000000,0.000000,0.000000,0.000000,0.000000,0.000000,0.000000,0.000000,0.000000,0.000000,0.000000,0.000000,0.000000,0.000000,0.000000,0.000000,0.000000,7.949152,0.000000,0.000000,0.000000,0.000000,0.000000,0.000000,0.000000,0.000000,0.000000,0.000000,0.000000,1.000000,0.000000,1.084746,0.000000,0.000000,0.000000,0.000000,0.000000,0.000000,0.000000,0.000000,0.000000,0.000000,0.000000,0.000000,0.000000,0.000000,0.000000,0.000000,0.000000,0.000000,0.000000,0.000000,0.000000,0.000000,0.000000,0.000000,0.000000,0.000000,0.000000,0.000000,0.000000,0.000000,0.000000,0.000000,0.000000,0.000000,0.000000,0.000000,0.000000,0.000000,0.000000,0.000000,0.000000,0.000000,0.000000,0.000000,0.000000,0.000000,0.000000,0.000000,0.000000,0.000000,6.237288,1.372881,5.508474,2.288136,4.932203,2.864407,1.508475,1.050847,4.932203,0.000000,0.542373,6.186440,0.372881,2.796610,4.457627,2.983051,0.610169,5.779661,4.288136,4.101695,4.152543,1.000000,0.525424,0.254237,2.203390,0.000000,0.000000,0.000000,0.000000,0.000000,0.000000,0.000000,0.000000,0.000000,0.000000,0.000000,0.000000,0.000000,0.000000,0.000000,0.000000,0.000000,0.000000,0.000000,0.000000,0.000000,0.000000,0.000000,0.000000,0.000000,0.000000,0.000000,0.000000,0.000000,0.000000,0.000000,0.000000,0.000000,0.000000,0.000000,0.000000,0.000000,0.000000,0.000000,0.000000,0.000000,0.000000,0.000000,0.000000,0.000000,0.000000,0.000000,0.000000,0.000000,0.000000,0.000000,0.000000,0.000000,0.000000,0.000000,0.000000,0.000000,0.000000,0.000000,0.000000,0.000000,0.000000,0.000000,0.000000,0.000000,0.000000,0.000000,0.000000,0.000000,0.000000,0.000000,0.000000,0.000000,0.000000,0.000000,0.000000,0.000000,0.000000,0.000000,0.000000,0.000000,0.000000,0.000000,0.000000,0.000000,0.000000,0.000000,0.000000,0.000000,0.000000,0.000000,0.000000,0.000000,0.000000,0.000000,0.000000,0.000000,0.000000,0.000000,0.000000,0.000000,0.000000,0.000000,0.000000,0.000000,0.000000,0.000000,0.000000,0.000000,0.000000,0.000000,0.000000,0.000000,0.000000,0.000000,0.000000,0.000000,0.000000,0.000000,0.000000,0.000000,0.000000,0.000000,0.000000,0.000000,0.000000,0.000000,0.000000,0.000000,0.000000,0.000000,0.000000,0.000000,
avg_symbol_len: 36.796612,88.966103,20.305084,14.559322,17.474577,17.830509,13.457627,32.830509,
avg_symbol_cnt: 242.220337
avg_hashtable_usage: 116.457626
avg_shortcodes_usage: 125.762711
max_2len_start_chars: 28
avg_2len_start_chars: 24.915255
max_2len_combinations: 8
avg_2len_combinations: 3.578223
0.354
Cycles (1) completed. Stats:
	Parameters:
		Block size: 16777216
		Input size: 989855744
		Effective table size: 16777216
		File name: ../../thesis-testing/lineitem-1gb/lineitem-comments-1gb-1.txt
	Compression:
		Duration (us): 2880046
		Throughput (GB/s): 0.344
		Compressed size: 352284819
	Decompression:
		Duration (us): 2370149
		Throughput (GB/s): 0.418
		Ratio: 2.8098
	Compression phases:
		Table generation (GB/s, us): 11.957 (82786)
		Precomputation (GB/s, us): inf (0)
		Encoding (GB/s, us): 0.354 (2797125)
		Postprocessing (GB/s, us): inf (0)
avg_symbol_2len_start_char: 0.000000,0.000000,0.000000,0.000000,0.000000,0.000000,0.000000,0.000000,0.000000,0.000000,1.178571,0.000000,0.000000,0.000000,0.000000,0.000000,0.000000,0.000000,0.000000,0.000000,0.000000,0.000000,0.000000,0.000000,0.000000,0.000000,0.000000,0.000000,0.000000,0.000000,0.000000,0.000000,0.000000,0.000000,0.000000,0.232143,0.000000,0.000000,0.000000,0.000000,0.000000,0.000000,0.000000,0.000000,0.000000,0.000000,0.000000,0.000000,7.678571,7.053571,7.017857,7.446429,7.196429,7.339286,7.250000,7.285714,6.892857,7.517857,0.000000,0.000000,0.000000,0.000000,0.000000,0.000000,0.000000,0.000000,0.000000,0.053571,0.000000,0.000000,0.000000,0.000000,0.000000,0.000000,0.000000,0.000000,0.000000,0.000000,0.000000,0.000000,0.000000,0.000000,0.000000,0.000000,0.000000,0.000000,0.000000,0.000000,0.000000,0.000000,0.000000,0.000000,0.000000,0.000000,0.000000,0.000000,0.000000,0.000000,0.000000,0.000000,0.000000,0.410714,0.000000,0.000000,0.000000,0.000000,0.000000,0.000000,0.000000,0.767857,0.000000,0.035714,0.000000,0.000000,1.178571,0.285714,1.142857,0.589286,0.000000,0.000000,0.000000,0.000000,0.000000,0.000000,0.000000,0.000000,0.000000,0.000000,0.000000,0.000000,0.000000,0.000000,0.000000,0.000000,0.000000,0.000000,0.000000,0.000000,0.000000,0.000000,0.000000,0.000000,0.000000,0.000000,0.000000,0.000000,0.000000,0.000000,0.000000,0.000000,0.000000,0.000000,0.000000,0.000000,0.000000,0.000000,0.000000,0.000000,0.000000,0.000000,0.000000,0.000000,0.000000,0.000000,0.000000,0.000000,0.000000,0.000000,0.000000,0.000000,0.000000,0.000000,0.000000,0.000000,0.000000,0.000000,0.000000,0.000000,0.000000,0.000000,0.000000,0.000000,0.000000,0.000000,0.000000,0.000000,0.000000,0.000000,0.000000,0.000000,0.000000,0.000000,0.000000,0.000000,0.000000,0.000000,0.000000,0.000000,0.000000,0.000000,0.000000,0.000000,0.000000,0.000000,0.000000,0.000000,0.000000,0.000000,0.000000,0.000000,0.000000,0.000000,0.000000,0.000000,0.000000,0.000000,0.000000,0.000000,0.000000,0.000000,0.000000,0.000000,0.000000,0.000000,0.000000,0.000000,0.000000,0.000000,0.000000,0.000000,0.000000,0.000000,0.000000,0.000000,0.000000,0.000000,0.000000,0.000000,0.000000,0.000000,0.000000,0.000000,0.000000,0.000000,0.000000,0.000000,0.000000,0.000000,0.000000,0.000000,0.000000,0.000000,0.000000,0.000000,0.000000,
avg_symbol_len: 20.660715,78.553574,23.625000,10.910714,26.196428,25.250000,0.982143,31.767857,
avg_symbol_cnt: 217.946426
avg_hashtable_usage: 118.732140
avg_shortcodes_usage: 99.214287
max_2len_start_chars: 19
avg_2len_start_chars: 14.357142
max_2len_combinations: 8
avg_2len_combinations: 5.506536
0.706
Cycles (1) completed. Stats:
	Parameters:
		Block size: 16777216
		Input size: 939524096
		Effective table size: 16777216
		File name: ../../thesis-testing/customer-1gb/customer-id-1gb-1.txt
	Compression:
		Duration (us): 1385597
		Throughput (GB/s): 0.678
		Compressed size: 260209625
	Decompression:
		Duration (us): 801339
		Throughput (GB/s): 1.172
		Ratio: 3.6106
	Compression phases:
		Table generation (GB/s, us): 17.269 (54404)
		Precomputation (GB/s, us): inf (0)
		Encoding (GB/s, us): 0.706 (1331070)
		Postprocessing (GB/s, us): inf (0)
avg_symbol_2len_start_char: 0.000000,0.000000,0.000000,0.000000,0.000000,0.000000,0.000000,0.000000,0.000000,0.000000,2.546875,0.000000,0.000000,0.000000,0.000000,0.000000,0.000000,0.000000,0.000000,0.000000,0.000000,0.000000,0.000000,0.000000,0.000000,0.000000,0.000000,0.000000,0.000000,0.000000,0.000000,0.000000,2.500000,0.000000,0.000000,0.000000,0.000000,0.000000,0.000000,0.000000,0.000000,0.031250,0.000000,0.000000,1.000000,0.000000,0.000000,0.000000,0.000000,0.000000,0.000000,0.000000,0.000000,0.000000,0.000000,0.000000,0.000000,0.000000,0.000000,0.000000,0.000000,0.000000,0.000000,0.000000,0.000000,0.765625,1.015625,1.640625,0.359375,0.015625,0.109375,0.140625,0.437500,0.468750,0.140625,0.343750,1.046875,1.328125,0.203125,0.000000,0.671875,0.000000,0.015625,0.406250,0.687500,0.343750,0.109375,0.406250,0.000000,0.062500,0.000000,0.000000,0.000000,0.000000,0.000000,0.000000,0.000000,6.703125,1.468750,1.390625,1.953125,5.937500,0.031250,1.593750,2.500000,5.500000,0.187500,0.921875,2.750000,1.218750,3.765625,4.750000,0.500000,0.000000,3.421875,2.437500,3.609375,2.531250,0.515625,0.875000,0.000000,1.140625,0.015625,0.000000,0.000000,0.000000,0.000000,0.000000,0.000000,0.000000,0.000000,0.000000,0.000000,0.000000,0.000000,0.000000,0.000000,0.000000,0.000000,0.000000,0.000000,0.000000,0.000000,0.000000,0.000000,0.000000,0.000000,0.000000,0.000000,0.000000,0.000000,0.000000,0.000000,0.000000,0.000000,0.000000,0.000000,0.000000,0.000000,0.000000,0.000000,0.000000,0.000000,0.000000,0.000000,0.000000,0.000000,0.000000,0.000000,0.000000,0.000000,0.000000,0.000000,0.000000,0.000000,0.000000,0.000000,0.000000,0.000000,0.000000,0.000000,0.000000,0.000000,0.000000,0.000000,0.000000,0.000000,0.000000,0.000000,0.000000,0.000000,0.000000,0.000000,0.000000,0.000000,0.000000,0.000000,0.000000,0.000000,0.000000,0.000000,0.000000,0.000000,0.000000,0.000000,0.000000,0.000000,0.000000,0.000000,0.000000,0.000000,0.000000,0.000000,0.000000,0.000000,0.000000,0.000000,0.000000,0.000000,0.000000,0.000000,0.000000,0.000000,0.000000,0.000000,0.000000,0.000000,0.000000,0.000000,0.000000,0.000000,0.000000,0.000000,0.000000,0.000000,0.000000,0.000000,0.000000,0.000000,0.000000,0.000000,0.000000,0.000000,0.000000,0.000000,0.000000,0.000000,0.000000,0.000000,0.000000,0.000000,0.000000,0.000000,0.000000,0.000000,
avg_symbol_len: 70.281250,72.515625,27.531250,11.890625,11.562500,11.421875,9.015625,28.046875,
avg_symbol_cnt: 242.265625
avg_hashtable_usage: 99.468750
avg_shortcodes_usage: 142.796875
max_2len_start_chars: 32
avg_2len_start_chars: 30.187500
max_2len_combinations: 8
avg_2len_combinations: 2.412551
0.353
Cycles (1) completed. Stats:
	Parameters:
		Block size: 16777216
		Input size: 1073741824
		Effective table size: 16777216
		File name: ../../thesis-testing/gdelt-locations-inflated-1gb/locations.txt
	Compression:
		Duration (us): 3124607
		Throughput (GB/s): 0.344
		Compressed size: 478761486
	Decompression:
		Duration (us): 2115135
		Throughput (GB/s): 0.508
		Ratio: 2.2427
	Compression phases:
		Table generation (GB/s, us): 12.388 (86676)
		Precomputation (GB/s, us): inf (0)
		Encoding (GB/s, us): 0.353 (3037782)
		Postprocessing (GB/s, us): inf (0)
avg_symbol_2len_start_char: 0.000000,0.000000,0.000000,0.000000,0.000000,0.000000,0.000000,0.000000,0.000000,0.000000,7.343750,0.000000,0.000000,0.000000,0.000000,0.000000,0.000000,0.000000,0.000000,0.000000,0.000000,0.000000,0.000000,0.000000,0.000000,0.000000,0.000000,0.000000,0.000000,0.000000,0.000000,0.000000,0.000000,0.000000,0.000000,0.000000,0.000000,0.000000,0.000000,0.000000,0.000000,1.000000,0.000000,0.000000,1.000000,0.000000,0.500000,0.000000,0.078125,1.015625,0.375000,0.000000,0.000000,0.000000,0.000000,0.000000,0.000000,0.000000,0.000000,0.000000,0.000000,0.000000,0.000000,0.000000,0.000000,0.093750,0.093750,1.375000,0.125000,0.000000,0.000000,0.000000,0.109375,0.296875,0.046875,0.000000,0.671875,0.718750,0.093750,0.000000,0.187500,0.000000,0.859375,0.125000,0.031250,0.000000,0.000000,0.281250,0.000000,0.000000,0.000000,0.000000,0.000000,0.000000,0.000000,7.015625,0.000000,8.000000,1.734375,5.484375,4.015625,7.593750,0.343750,2.015625,3.843750,7.484375,0.000000,1.406250,5.812500,3.453125,7.796875,7.250000,2.875000,0.000000,5.937500,7.031250,6.984375,5.703125,2.125000,0.656250,0.000000,1.984375,0.000000,0.000000,0.000000,0.000000,0.000000,0.000000,0.000000,0.000000,0.000000,0.000000,0.000000,0.000000,0.000000,0.000000,0.000000,0.000000,0.000000,0.000000,0.000000,0.000000,0.000000,0.000000,0.000000,0.000000,0.000000,0.000000,0.000000,0.000000,0.000000,0.000000,0.000000,0.000000,0.000000,0.000000,0.000000,0.000000,0.000000,0.000000,0.000000,0.000000,0.000000,0.000000,0.000000,0.000000,0.000000,0.000000,0.000000,0.000000,0.000000,0.000000,0.000000,0.000000,0.000000,0.000000,0.000000,0.000000,0.000000,0.000000,0.000000,0.000000,0.000000,0.000000,0.000000,0.000000,0.000000,0.000000,0.000000,0.000000,0.000000,0.000000,0.000000,0.000000,0.000000,0.000000,0.000000,0.000000,0.000000,0.000000,0.000000,0.000000,0.000000,0.000000,0.000000,0.000000,0.000000,0.000000,0.000000,0.000000,0.000000,0.000000,0.000000,0.000000,0.000000,0.000000,0.000000,0.000000,0.000000,0.000000,0.000000,0.000000,0.000000,0.000000,0.000000,0.000000,0.000000,0.000000,0.000000,0.000000,0.000000,0.000000,0.000000,0.000000,0.000000,0.000000,0.000000,0.000000,0.000000,0.000000,0.000000,0.000000,0.000000,0.000000,0.000000,0.000000,0.000000,0.000000,0.000000,0.000000,0.000000,0.000000,0.000000,0.000000,0.000000,
avg_symbol_len: 81.609375,122.968750,27.328125,6.625000,6.093750,1.296875,2.093750,4.984375,
avg_symbol_cnt: 253.000000
avg_hashtable_usage: 48.421875
avg_shortcodes_usage: 204.578125
max_2len_start_chars: 32
avg_2len_start_chars: 30.937500
max_2len_combinations: 8
avg_2len_combinations: 3.983732
0.239
Cycles (1) completed. Stats:
	Parameters:
		Block size: 16777216
		Input size: 1073741824
		Effective table size: 16777216
		File name: ../../thesis-testing/dbtext-inflated-1gb/output_wiki
	Compression:
		Duration (us): 4663134
		Throughput (GB/s): 0.230
		Compressed size: 678059760
	Decompression:
		Duration (us): 3323513
		Throughput (GB/s): 0.323
		Ratio: 1.5836
	Compression phases:
		Table generation (GB/s, us): 6.499 (165225)
		Precomputation (GB/s, us): inf (0)
		Encoding (GB/s, us): 0.239 (4497759)
		Postprocessing (GB/s, us): inf (0)
avg_symbol_2len_start_char: 0.000000,0.000000,0.000000,0.000000,0.000000,0.000000,0.000000,0.000000,0.000000,0.000000,0.000000,0.000000,0.000000,0.000000,0.000000,0.000000,0.000000,0.000000,0.000000,0.000000,0.000000,0.000000,0.000000,0.000000,0.000000,0.000000,0.000000,0.000000,0.000000,0.000000,0.000000,0.000000,0.000000,0.000000,0.000000,0.000000,0.000000,0.000000,0.000000,0.000000,0.000000,0.000000,0.000000,0.000000,0.000000,7.890625,0.000000,0.000000,7.109375,7.640625,6.890625,7.843750,7.406250,7.906250,7.500000,7.921875,7.281250,8.000000,0.000000,0.000000,0.000000,0.000000,0.000000,0.000000,0.000000,0.000000,0.000000,0.000000,0.000000,0.000000,0.000000,0.000000,0.000000,0.000000,0.000000,0.000000,0.000000,0.000000,0.000000,0.000000,0.000000,0.000000,0.000000,0.000000,0.000000,0.000000,0.000000,0.000000,0.000000,0.000000,0.000000,0.000000,0.000000,0.000000,0.000000,0.000000,0.000000,8.000000,8.000000,8.000000,8.000000,7.828125,7.906250,0.000000,0.000000,0.000000,0.000000,0.000000,0.000000,0.000000,0.000000,0.000000,0.000000,0.000000,0.000000,0.000000,0.000000,0.000000,0.000000,0.000000,0.000000,0.000000,0.000000,0.000000,0.000000,0.000000,0.000000,0.000000,0.000000,0.000000,0.000000,0.000000,0.000000,0.000000,0.000000,0.000000,0.000000,0.000000,0.000000,0.000000,0.000000,0.000000,0.000000,0.000000,0.000000,0.000000,0.000000,0.000000,0.000000,0.000000,0.000000,0.000000,0.000000,0.000000,0.000000,0.000000,0.000000,0.000000,0.000000,0.000000,0.000000,0.000000,0.000000,0.000000,0.000000,0.000000,0.000000,0.000000,0.000000,0.000000,0.000000,0.000000,0.000000,0.000000,0.000000,0.000000,0.000000,0.000000,0.000000,0.000000,0.000000,0.000000,0.000000,0.000000,0.000000,0.000000,0.000000,0.000000,0.000000,0.000000,0.000000,0.000000,0.000000,0.000000,0.000000,0.000000,0.000000,0.000000,0.000000,0.000000,0.000000,0.000000,0.000000,0.000000,0.000000,0.000000,0.000000,0.000000,0.000000,0.000000,0.000000,0.000000,0.000000,0.000000,0.000000,0.000000,0.000000,0.000000,0.000000,0.000000,0.000000,0.000000,0.000000,0.000000,0.000000,0.000000,0.000000,0.000000,0.000000,0.000000,0.000000,0.000000,0.000000,0.000000,0.000000,0.000000,0.000000,0.000000,0.000000,0.000000,0.000000,0.000000,0.000000,0.000000,0.000000,0.000000,0.000000,0.000000,0.000000,0.000000,0.000000,0.000000,0.000000,0.000000,0.000000,
avg_symbol_len: 19.000000,131.125000,2.828125,16.609375,0.359375,3.468750,1.015625,10.062500,
avg_symbol_cnt: 184.468750
avg_hashtable_usage: 34.343750
avg_shortcodes_usage: 150.125000
max_2len_start_chars: 17
avg_2len_start_chars: 17.000000
max_2len_combinations: 8
avg_2len_combinations: 7.713235
0.322
Cycles (1) completed. Stats:
	Parameters:
		Block size: 16777216
		Input size: 1073741824
		Effective table size: 16777216
		File name: ../../thesis-testing/dbtext-inflated-1gb/output_uuid
	Compression:
		Duration (us): 3478702
		Throughput (GB/s): 0.309
		Compressed size: 511441522
	Decompression:
		Duration (us): 2310616
		Throughput (GB/s): 0.465
		Ratio: 2.0994
	Compression phases:
		Table generation (GB/s, us): 7.711 (139240)
		Precomputation (GB/s, us): inf (0)
		Encoding (GB/s, us): 0.322 (3339327)
		Postprocessing (GB/s, us): inf (0)
avg_symbol_2len_start_char: 0.000000,0.000000,0.000000,0.000000,0.000000,0.000000,0.000000,0.000000,0.000000,0.000000,5.078125,0.000000,0.000000,0.000000,0.000000,0.000000,0.000000,0.000000,0.000000,0.000000,0.000000,0.000000,0.000000,0.000000,0.000000,0.000000,0.000000,0.000000,0.000000,0.000000,0.000000,0.000000,0.000000,0.000000,0.000000,0.000000,0.000000,0.000000,0.000000,0.000000,0.000000,0.000000,0.000000,0.000000,0.000000,0.000000,2.468750,0.000000,0.578125,1.968750,0.859375,0.343750,0.296875,0.250000,0.203125,0.250000,0.328125,0.312500,0.000000,0.000000,0.000000,0.000000,0.000000,0.000000,0.921875,0.000000,0.000000,0.000000,0.000000,0.000000,0.000000,0.000000,0.000000,0.000000,0.000000,0.000000,0.000000,0.000000,0.000000,0.000000,0.000000,0.000000,0.000000,0.000000,0.000000,0.000000,0.000000,0.000000,0.000000,0.000000,0.000000,0.000000,0.000000,0.000000,0.000000,0.031250,0.000000,6.984375,4.562500,4.890625,4.468750,6.625000,1.843750,3.859375,3.578125,6.640625,1.609375,3.328125,6.421875,6.265625,7.500000,5.687500,3.140625,0.031250,5.609375,7.375000,6.609375,4.843750,2.671875,1.890625,0.484375,1.906250,0.125000,0.000000,0.000000,0.000000,0.000000,0.000000,0.000000,0.000000,0.000000,0.000000,0.000000,0.000000,0.000000,0.000000,0.000000,0.000000,0.000000,0.000000,0.000000,0.000000,0.000000,0.000000,0.000000,0.000000,0.000000,0.000000,0.000000,0.000000,0.000000,0.000000,0.000000,0.000000,0.000000,0.000000,0.000000,0.000000,0.000000,0.000000,0.000000,0.000000,0.000000,0.000000,0.000000,0.000000,0.000000,0.000000,0.000000,0.000000,0.000000,0.000000,0.000000,0.000000,0.000000,0.000000,0.000000,0.000000,0.000000,0.000000,0.000000,0.000000,0.000000,0.000000,0.000000,0.000000,0.000000,0.000000,0.000000,0.000000,0.000000,0.000000,0.000000,0.000000,0.000000,0.000000,0.000000,0.000000,0.000000,0.000000,0.000000,0.000000,0.000000,0.000000,0.000000,0.000000,0.000000,0.000000,0.000000,0.000000,0.000000,0.000000,0.000000,0.000000,0.000000,0.000000,0.000000,0.000000,0.000000,0.000000,0.000000,0.000000,0.000000,0.000000,0.000000,0.000000,0.000000,0.000000,0.000000,0.000000,0.000000,0.000000,0.000000,0.000000,0.000000,0.000000,0.000000,0.000000,0.000000,0.000000,0.000000,0.000000,0.000000,0.000000,0.000000,0.000000,0.000000,0.000000,0.000000,0.000000,0.000000,0.000000,0.000000,0.000000,0.000000,
avg_symbol_len: 42.218750,122.843750,19.734375,4.906250,5.984375,8.453125,3.640625,26.187500,
avg_symbol_cnt: 233.968750
avg_hashtable_usage: 68.906250
avg_shortcodes_usage: 165.062500
max_2len_start_chars: 32
avg_2len_start_chars: 30.078125
max_2len_combinations: 8
avg_2len_combinations: 4.100082
0.290
Cycles (1) completed. Stats:
	Parameters:
		Block size: 16777216
		Input size: 1073741824
		Effective table size: 16777216
		File name: ../../thesis-testing/dbtext-inflated-1gb/output_email
	Compression:
		Duration (us): 3849367
		Throughput (GB/s): 0.279
		Compressed size: 527074800
	Decompression:
		Duration (us): 2925430
		Throughput (GB/s): 0.367
		Ratio: 2.0372
	Compression phases:
		Table generation (GB/s, us): 7.462 (143901)
		Precomputation (GB/s, us): inf (0)
		Encoding (GB/s, us): 0.290 (3705325)
		Postprocessing (GB/s, us): inf (0)
avg_symbol_2len_start_char: 0.000000,0.000000,0.000000,0.000000,0.000000,0.000000,0.000000,0.000000,0.000000,0.000000,8.000000,0.000000,0.000000,0.000000,0.000000,0.000000,0.000000,0.000000,0.000000,0.000000,0.000000,0.000000,0.000000,0.000000,0.000000,0.000000,0.000000,0.000000,0.000000,0.000000,0.000000,0.000000,0.000000,0.000000,0.000000,0.000000,0.000000,0.000000,0.000000,0.000000,0.000000,0.000000,0.000000,0.000000,0.000000,0.000000,0.000000,0.000000,7.171875,8.000000,8.000000,8.000000,8.000000,8.000000,8.000000,8.000000,8.000000,8.000000,0.000000,0.000000,0.000000,0.000000,0.000000,0.000000,0.000000,8.000000,8.000000,8.000000,8.000000,8.000000,8.000000,0.000000,0.000000,0.000000,0.000000,0.000000,0.000000,0.000000,0.000000,0.000000,0.000000,0.000000,0.000000,0.000000,0.000000,0.000000,0.000000,0.000000,0.000000,0.000000,0.000000,0.000000,0.000000,0.000000,0.000000,0.000000,0.000000,0.000000,0.000000,0.000000,0.000000,0.000000,0.000000,0.000000,0.000000,0.000000,0.000000,0.000000,0.000000,0.000000,0.000000,0.000000,0.000000,0.000000,0.000000,0.000000,0.000000,0.000000,0.000000,0.000000,0.000000,0.000000,0.000000,0.000000,0.000000,0.000000,0.000000,0.000000,0.000000,0.000000,0.000000,0.000000,0.000000,0.000000,0.000000,0.000000,0.000000,0.000000,0.000000,0.000000,0.000000,0.000000,0.000000,0.000000,0.000000,0.000000,0.000000,0.000000,0.000000,0.000000,0.000000,0.000000,0.000000,0.000000,0.000000,0.000000,0.000000,0.000000,0.000000,0.000000,0.000000,0.000000,0.000000,0.000000,0.000000,0.000000,0.000000,0.000000,0.000000,0.000000,0.000000,0.000000,0.000000,0.000000,0.000000,0.000000,0.000000,0.000000,0.000000,0.000000,0.000000,0.000000,0.000000,0.000000,0.000000,0.000000,0.000000,0.000000,0.000000,0.000000,0.000000,0.000000,0.000000,0.000000,0.000000,0.000000,0.000000,0.000000,0.000000,0.000000,0.000000,0.000000,0.000000,0.000000,0.000000,0.000000,0.000000,0.000000,0.000000,0.000000,0.000000,0.000000,0.000000,0.000000,0.000000,0.000000,0.000000,0.000000,0.000000,0.000000,0.000000,0.000000,0.000000,0.000000,0.000000,0.000000,0.000000,0.000000,0.000000,0.000000,0.000000,0.000000,0.000000,0.000000,0.000000,0.000000,0.000000,0.000000,0.000000,0.000000,0.000000,0.000000,0.000000,0.000000,0.000000,0.000000,0.000000,0.000000,0.000000,0.000000,0.000000,0.000000,0.000000,0.000000,0.000000,
avg_symbol_len: 18.000000,135.171875,0.000000,0.000000,0.000000,0.000000,0.000000,0.000000,
avg_symbol_cnt: 153.171875
avg_hashtable_usage: 0.000000
avg_shortcodes_usage: 153.171875
max_2len_start_chars: 17
avg_2len_start_chars: 17.000000
max_2len_combinations: 8
avg_2len_combinations: 7.951285
0.235
Cycles (1) completed. Stats:
	Parameters:
		Block size: 16777216
		Input size: 1073741824
		Effective table size: 16777216
		File name: ../../thesis-testing/dbtext-inflated-1gb/output_hex
	Compression:
		Duration (us): 4752946
		Throughput (GB/s): 0.226
		Compressed size: 712426424
	Decompression:
		Duration (us): 3028128
		Throughput (GB/s): 0.355
		Ratio: 1.5072
	Compression phases:
		Table generation (GB/s, us): 5.619 (191100)
		Precomputation (GB/s, us): inf (0)
		Encoding (GB/s, us): 0.235 (4561640)
		Postprocessing (GB/s, us): inf (0)
avg_symbol_2len_start_char: 0.000000,0.000000,0.000000,0.000000,0.000000,0.000000,0.000000,0.000000,0.000000,0.000000,0.000000,0.000000,0.000000,0.000000,0.000000,0.000000,0.000000,0.000000,0.000000,0.000000,0.000000,0.000000,0.000000,0.000000,0.000000,0.000000,0.000000,0.000000,0.000000,0.000000,0.000000,0.000000,0.000000,0.000000,0.000000,0.000000,0.000000,0.015625,0.000000,0.000000,0.000000,0.000000,0.000000,0.000000,0.000000,3.000000,1.125000,3.390625,4.281250,3.906250,4.515625,2.343750,1.562500,2.015625,1.031250,1.062500,1.015625,0.921875,5.625000,0.000000,0.000000,0.000000,0.000000,0.000000,0.000000,0.062500,0.000000,0.000000,0.000000,0.000000,0.000000,0.000000,0.000000,0.000000,0.000000,0.000000,0.000000,0.000000,0.000000,0.000000,0.000000,0.000000,0.000000,0.000000,2.890625,0.000000,0.000000,0.000000,0.000000,0.000000,0.000000,0.000000,0.000000,0.000000,0.000000,0.125000,0.000000,5.187500,0.015625,3.500000,0.921875,4.250000,0.000000,1.312500,0.843750,2.609375,0.000000,0.046875,3.546875,1.750000,2.015625,2.468750,0.343750,0.828125,2.500000,3.265625,1.812500,1.906250,0.968750,1.062500,0.000000,0.015625,0.000000,0.000000,0.000000,0.000000,0.000000,0.000000,0.000000,0.000000,0.000000,0.000000,0.000000,0.000000,0.000000,0.000000,0.000000,0.000000,0.000000,0.000000,0.000000,0.000000,0.000000,0.000000,0.000000,0.000000,0.000000,0.000000,0.000000,0.000000,0.000000,0.000000,0.000000,0.000000,0.000000,0.000000,0.000000,0.000000,0.000000,0.000000,0.000000,0.000000,0.000000,0.000000,0.000000,0.000000,0.000000,0.000000,0.000000,0.000000,0.000000,0.000000,0.000000,0.000000,0.000000,0.000000,0.000000,0.000000,0.000000,0.000000,0.000000,0.000000,0.000000,0.000000,0.000000,0.000000,0.000000,0.000000,0.000000,0.000000,0.000000,0.000000,0.000000,0.000000,0.000000,0.000000,0.000000,0.000000,0.000000,0.000000,0.000000,0.000000,0.000000,0.000000,0.000000,0.000000,0.000000,0.000000,0.000000,0.000000,0.000000,0.000000,0.000000,0.000000,0.000000,0.000000,0.000000,0.000000,0.000000,0.000000,0.000000,0.000000,0.000000,0.000000,0.046875,0.015625,0.000000,0.000000,0.000000,0.000000,0.000000,0.000000,0.000000,0.000000,0.000000,0.000000,0.000000,0.000000,0.000000,0.000000,0.000000,0.000000,0.000000,0.000000,0.000000,0.000000,0.000000,0.000000,0.000000,0.000000,0.000000,0.000000,0.000000,0.000000,0.000000,
avg_symbol_len: 81.437500,80.125000,18.625000,9.375000,21.171875,6.703125,6.343750,28.843750,
avg_symbol_cnt: 252.625000
avg_hashtable_usage: 91.062500
avg_shortcodes_usage: 161.562500
max_2len_start_chars: 32
avg_2len_start_chars: 30.500000
max_2len_combinations: 8
avg_2len_combinations: 2.634916
0.405
Cycles (1) completed. Stats:
	Parameters:
		Block size: 16777216
		Input size: 1073741824
		Effective table size: 16777216
		File name: ../../thesis-testing/dbtext-inflated-1gb/output_urls
	Compression:
		Duration (us): 2745932
		Throughput (GB/s): 0.391
		Compressed size: 438474278
	Decompression:
		Duration (us): 1775501
		Throughput (GB/s): 0.605
		Ratio: 2.4488
	Compression phases:
		Table generation (GB/s, us): 11.315 (94897)
		Precomputation (GB/s, us): inf (0)
		Encoding (GB/s, us): 0.405 (2650887)
		Postprocessing (GB/s, us): inf (0)
avg_symbol_2len_start_char: 0.000000,0.000000,0.000000,0.000000,0.000000,0.000000,0.000000,0.000000,0.000000,0.000000,7.796875,0.000000,0.000000,0.000000,0.000000,0.000000,0.000000,0.000000,0.000000,0.000000,0.000000,0.000000,0.000000,0.000000,0.000000,0.000000,0.000000,0.000000,0.000000,0.000000,0.000000,0.000000,0.000000,0.000000,0.000000,0.000000,0.000000,0.000000,0.000000,0.000000,0.000000,1.000000,0.000000,0.000000,1.000000,0.000000,0.937500,0.000000,0.000000,0.484375,0.000000,0.000000,0.000000,0.000000,0.000000,0.000000,0.000000,0.000000,0.000000,0.000000,0.000000,0.000000,0.000000,0.000000,0.000000,0.015625,0.343750,1.937500,0.250000,0.000000,0.031250,0.078125,0.437500,0.250000,0.171875,0.078125,0.390625,1.218750,0.312500,0.000000,0.203125,0.000000,0.265625,0.531250,0.171875,0.000000,0.031250,0.187500,0.000000,0.000000,0.000000,0.000000,0.000000,0.000000,0.000000,7.687500,0.000000,8.000000,1.281250,4.593750,4.406250,7.937500,0.250000,1.953125,4.125000,8.000000,0.000000,2.140625,5.796875,3.234375,7.875000,7.828125,2.187500,0.000000,6.375000,5.921875,7.312500,5.843750,2.390625,0.796875,0.000000,2.093750,0.000000,0.000000,0.000000,0.000000,0.000000,0.000000,0.000000,0.000000,0.000000,0.000000,0.000000,0.000000,0.000000,0.000000,0.000000,0.000000,0.000000,0.000000,0.000000,0.000000,0.000000,0.000000,0.000000,0.000000,0.000000,0.000000,0.000000,0.000000,0.000000,0.000000,0.000000,0.000000,0.000000,0.000000,0.000000,0.000000,0.000000,0.000000,0.000000,0.000000,0.000000,0.000000,0.000000,0.000000,0.000000,0.000000,0.000000,0.000000,0.000000,0.000000,0.000000,0.000000,0.000000,0.000000,0.000000,0.000000,0.000000,0.000000,0.000000,0.000000,0.000000,0.000000,0.000000,0.000000,0.000000,0.000000,0.000000,0.000000,0.000000,0.000000,0.000000,0.000000,0.000000,0.046875,0.000000,0.000000,0.000000,0.000000,0.000000,0.000000,0.000000,0.000000,0.000000,0.000000,0.000000,0.000000,0.000000,0.000000,0.000000,0.000000,0.000000,0.000000,0.000000,0.000000,0.000000,0.000000,0.000000,0.000000,0.000000,0.000000,0.000000,0.000000,0.000000,0.000000,0.000000,0.000000,0.000000,0.000000,0.000000,0.000000,0.000000,0.000000,0.000000,0.000000,0.000000,0.000000,0.000000,0.000000,0.000000,0.000000,0.000000,0.000000,0.000000,0.000000,0.000000,0.000000,0.000000,0.000000,0.000000,0.000000,0.000000,0.000000,0.000000,
avg_symbol_len: 85.390625,126.203125,32.484375,4.031250,2.718750,0.968750,1.000000,0.203125,
avg_symbol_cnt: 253.000000
avg_hashtable_usage: 41.406250
avg_shortcodes_usage: 211.593750
max_2len_start_chars: 32
avg_2len_start_chars: 31.671875
max_2len_combinations: 8
avg_2len_combinations: 3.988038
0.232
Cycles (1) completed. Stats:
	Parameters:
		Block size: 16777216
		Input size: 1073741824
		Effective table size: 16777216
		File name: ../../thesis-testing/dbtext-inflated-1gb/output_yago
	Compression:
		Duration (us): 4794470
		Throughput (GB/s): 0.224
		Compressed size: 691205894
	Decompression:
		Duration (us): 3344869
		Throughput (GB/s): 0.321
		Ratio: 1.5534
	Compression phases:
		Table generation (GB/s, us): 6.365 (168694)
		Precomputation (GB/s, us): inf (0)
		Encoding (GB/s, us): 0.232 (4625636)
		Postprocessing (GB/s, us): inf (0)
avg_symbol_2len_start_char: 0.000000,0.000000,0.000000,0.000000,0.000000,0.000000,0.000000,0.000000,0.000000,0.000000,0.000000,0.000000,0.000000,0.000000,0.000000,0.000000,0.000000,0.000000,0.000000,0.000000,0.000000,0.000000,0.000000,0.000000,0.000000,0.000000,0.000000,0.000000,0.000000,0.000000,0.000000,0.000000,0.000000,0.000000,0.000000,0.000000,0.000000,0.046875,0.015625,0.000000,0.000000,0.000000,0.000000,0.000000,0.046875,1.015625,0.765625,4.328125,0.984375,1.578125,0.859375,0.015625,0.000000,0.000000,0.000000,0.031250,0.015625,0.031250,0.000000,0.000000,0.000000,0.046875,0.000000,0.000000,0.000000,0.062500,0.031250,0.125000,0.000000,0.000000,0.000000,0.000000,0.000000,0.000000,0.000000,0.000000,0.000000,0.265625,0.000000,0.000000,0.000000,0.000000,0.015625,0.000000,0.015625,0.000000,0.000000,0.000000,0.000000,0.000000,0.000000,0.000000,0.000000,0.000000,0.000000,3.015625,0.000000,7.828125,3.062500,5.109375,3.265625,7.578125,1.453125,2.656250,3.203125,7.390625,0.015625,0.468750,4.843750,3.031250,6.265625,6.390625,3.906250,0.000000,4.750000,7.734375,6.531250,4.734375,2.046875,0.484375,0.000000,0.656250,0.000000,0.000000,0.000000,0.000000,0.000000,0.000000,0.000000,0.000000,0.000000,0.000000,0.000000,0.000000,0.000000,0.000000,0.000000,0.000000,0.000000,0.000000,0.000000,0.000000,0.000000,0.000000,0.000000,0.000000,0.000000,0.000000,0.000000,0.000000,0.000000,0.000000,0.000000,0.000000,0.000000,0.000000,0.000000,0.000000,0.000000,0.000000,0.000000,0.000000,0.000000,0.000000,0.000000,0.000000,0.000000,0.000000,0.000000,0.000000,0.000000,0.000000,0.000000,0.000000,0.000000,0.000000,0.000000,0.000000,0.000000,0.000000,0.000000,0.000000,0.000000,0.000000,0.000000,0.000000,0.000000,0.000000,0.000000,0.000000,0.000000,0.000000,0.000000,0.000000,0.000000,0.000000,0.000000,0.000000,0.000000,0.000000,0.000000,0.000000,0.000000,0.000000,0.000000,0.000000,0.000000,0.000000,0.000000,0.000000,0.000000,0.000000,0.000000,0.000000,0.000000,0.000000,0.000000,0.000000,0.000000,0.000000,0.000000,0.000000,0.000000,0.000000,0.000000,0.000000,0.000000,0.000000,0.000000,0.000000,0.000000,0.000000,0.000000,0.000000,0.000000,0.000000,0.000000,0.000000,0.000000,0.000000,0.000000,0.000000,0.000000,0.000000,0.000000,0.000000,0.000000,0.000000,0.000000,0.000000,0.000000,0.000000,0.000000,0.000000,0.000000,
avg_symbol_len: 76.578125,106.718750,16.859375,7.328125,12.656250,3.750000,7.015625,21.875000,
avg_symbol_cnt: 252.781250
avg_hashtable_usage: 69.484375
avg_shortcodes_usage: 183.296875
max_2len_start_chars: 30
avg_2len_start_chars: 26.578125
max_2len_combinations: 8
avg_2len_combinations: 4.029595
0.317
Cycles (1) completed. Stats:
	Parameters:
		Block size: 16777216
		Input size: 1073741824
		Effective table size: 16777216
		File name: ../../thesis-testing/dbtext-inflated-1gb/output_urls2
	Compression:
		Duration (us): 3512073
		Throughput (GB/s): 0.306
		Compressed size: 518129241
	Decompression:
		Duration (us): 2575813
		Throughput (GB/s): 0.417
		Ratio: 2.0723
	Compression phases:
		Table generation (GB/s, us): 8.309 (129232)
		Precomputation (GB/s, us): inf (0)
		Encoding (GB/s, us): 0.317 (3382706)
		Postprocessing (GB/s, us): inf (0)

2.8098,
3.6106,
2.2427,
1.5836,
2.0994,
2.0372,
1.5072,
2.4488,
1.5534,
2.0723,
TPC-H:  3.2102
GDelt:  2.2427
DBtext: 1.9003